   11.000999999999999     
  0.10000000000000001              501
   0.4244753799   0.0000000000   0.0000000000
   0.4243054607   0.0000000000   0.0000000000
   0.4241353339   0.0000000000   0.0000000000
   0.4239649985   0.0000000000   0.0000000000
   0.4237944545   0.0000000000   0.0000000000
   0.4236237007   0.0000000000   0.0000000000
   0.4234527370   0.0000000000   0.0000000000
   0.4232815626   0.0000000000   0.0000000000
   0.4231101767   0.0000000000   0.0000000000
   0.4229385790   0.0000000000   0.0000000000
   0.4227667688   0.0000000000   0.0000000000
   0.4225947453   0.0000000000   0.0000000000
   0.4224225081   0.0000000000   0.0000000000
   0.4222500565   0.0000000000   0.0000000000
   0.4220773899   0.0000000000   0.0000000000
   0.4219045075   0.0000000000   0.0000000000
   0.4217314091   0.0000000000   0.0000000000
   0.4215580935   0.0000000000   0.0000000000
   0.4213845606   0.0000000000   0.0000000000
   0.4212108092   0.0000000000   0.0000000000
   0.4210368392   0.0000000000   0.0000000000
   0.4208626497   0.0000000000   0.0000000000
   0.4206882399   0.0000000000   0.0000000000
   0.4205136095   0.0000000000   0.0000000000
   0.4203387575   0.0000000000   0.0000000000
   0.4201636834   0.0000000000   0.0000000000
   0.4199883868   0.0000000000   0.0000000000
   0.4198128666   0.0000000000   0.0000000000
   0.4196371223   0.0000000000   0.0000000000
   0.4194611533   0.0000000000   0.0000000000
   0.4192849588   0.0000000000   0.0000000000
   0.4191085383   0.0000000000   0.0000000000
   0.4189318908   0.0000000000   0.0000000000
   0.4187550160   0.0000000000   0.0000000000
   0.4185779130   0.0000000000   0.0000000000
   0.4184005812   0.0000000000   0.0000000000
   0.4182230198   0.0000000000   0.0000000000
   0.4180452282   0.0000000000   0.0000000000
   0.4178672059   0.0000000000   0.0000000000
   0.4176889516   0.0000000000   0.0000000000
   0.4175104652   0.0000000000   0.0000000000
   0.4173317456   0.0000000000   0.0000000000
   0.4171527922   0.0000000000   0.0000000000
   0.4169736045   0.0000000000   0.0000000000
   0.4167941814   0.0000000000   0.0000000000
   0.4166145226   0.0000000000   0.0000000000
   0.4164346271   0.0000000000   0.0000000000
   0.4162544942   0.0000000000   0.0000000000
   0.4160741231   0.0000000000   0.0000000000
   0.4158935132   0.0000000000   0.0000000000
   0.4157126638   0.0000000000   0.0000000000
   0.4155315740   0.0000000000   0.0000000000
   0.4153502431   0.0000000000   0.0000000000
   0.4151686704   0.0000000000   0.0000000000
   0.4149868551   0.0000000000   0.0000000000
   0.4148047965   0.0000000000   0.0000000000
   0.4146224937   0.0000000000   0.0000000000
   0.4144399461   0.0000000000   0.0000000000
   0.4142571528   0.0000000000   0.0000000000
   0.4140741132   0.0000000000   0.0000000000
   0.4138908262   0.0000000000   0.0000000000
   0.4137072913   0.0000000000   0.0000000000
   0.4135235077   0.0000000000   0.0000000000
   0.4133394745   0.0000000000   0.0000000000
   0.4131551909   0.0000000000   0.0000000000
   0.4129706563   0.0000000000   0.0000000000
   0.4127858697   0.0000000000   0.0000000000
   0.4126008303   0.0000000000   0.0000000000
   0.4124155374   0.0000000000   0.0000000000
   0.4122299899   0.0000000000   0.0000000000
   0.4120441875   0.0000000000   0.0000000000
   0.4118581289   0.0000000000   0.0000000000
   0.4116718134   0.0000000000   0.0000000000
   0.4114852404   0.0000000000   0.0000000000
   0.4112984088   0.0000000000   0.0000000000
   0.4111113178   0.0000000000   0.0000000000
   0.4109239667   0.0000000000   0.0000000000
   0.4107363546   0.0000000000   0.0000000000
   0.4105484806   0.0000000000   0.0000000000
   0.4103603437   0.0000000000   0.0000000000
   0.4101719433   0.0000000000   0.0000000000
   0.4099832785   0.0000000000   0.0000000000
   0.4097943482   0.0000000000   0.0000000000
   0.4096051518   0.0000000000   0.0000000000
   0.4094156883   0.0000000000   0.0000000000
   0.4092259568   0.0000000000   0.0000000000
   0.4090359564   0.0000000000   0.0000000000
   0.4088456861   0.0000000000   0.0000000000
   0.4086551454   0.0000000000   0.0000000000
   0.4084643331   0.0000000000   0.0000000000
   0.4082732483   0.0000000000   0.0000000000
   0.4080818900   0.0000000000   0.0000000000
   0.4078902575   0.0000000000   0.0000000000
   0.4076983499   0.0000000000   0.0000000000
   0.4075061661   0.0000000000   0.0000000000
   0.4073137051   0.0000000000   0.0000000000
   0.4071209663   0.0000000000   0.0000000000
   0.4069279483   0.0000000000   0.0000000000
   0.4067346506   0.0000000000   0.0000000000
   0.4065410720   0.0000000000   0.0000000000
   0.4063472116   0.0000000000   0.0000000000
   0.4061530685   0.0000000000   0.0000000000
   0.4059586416   0.0000000000   0.0000000000
   0.4057639299   0.0000000000   0.0000000000
   0.4055689327   0.0000000000   0.0000000000
   0.4053736488   0.0000000000   0.0000000000
   0.4051780773   0.0000000000   0.0000000000
   0.4049822171   0.0000000000   0.0000000000
   0.4047860673   0.0000000000   0.0000000000
   0.4045896269   0.0000000000   0.0000000000
   0.4043928948   0.0000000000   0.0000000000
   0.4041958701   0.0000000000   0.0000000000
   0.4039985516   0.0000000000   0.0000000000
   0.4038009385   0.0000000000   0.0000000000
   0.4036030297   0.0000000000   0.0000000000
   0.4034048240   0.0000000000   0.0000000000
   0.4032063205   0.0000000000   0.0000000000
   0.4030075182   0.0000000000   0.0000000000
   0.4028084160   0.0000000000   0.0000000000
   0.4026090128   0.0000000000   0.0000000000
   0.4024093075   0.0000000000   0.0000000000
   0.4022092992   0.0000000000   0.0000000000
   0.4020089867   0.0000000000   0.0000000000
   0.4018083688   0.0000000000   0.0000000000
   0.4016074447   0.0000000000   0.0000000000
   0.4014062130   0.0000000000   0.0000000000
   0.4012046727   0.0000000000   0.0000000000
   0.4010028229   0.0000000000   0.0000000000
   0.4008006622   0.0000000000   0.0000000000
   0.4005981897   0.0000000000   0.0000000000
   0.4003954041   0.0000000000   0.0000000000
   0.4001923042   0.0000000000   0.0000000000
   0.3999888892   0.0000000000   0.0000000000
   0.3997851576   0.0000000000   0.0000000000
   0.3995811085   0.0000000000   0.0000000000
   0.3993767406   0.0000000000   0.0000000000
   0.3991720527   0.0000000000   0.0000000000
   0.3989670437   0.0000000000   0.0000000000
   0.3987617124   0.0000000000   0.0000000000
   0.3985560578   0.0000000000   0.0000000000
   0.3983500783   0.0000000000   0.0000000000
   0.3981437731   0.0000000000   0.0000000000
   0.3979371407   0.0000000000   0.0000000000
   0.3977301800   0.0000000000   0.0000000000
   0.3975228899   0.0000000000   0.0000000000
   0.3973152691   0.0000000000   0.0000000000
   0.3971073161   0.0000000000   0.0000000000
   0.3968990300   0.0000000000   0.0000000000
   0.3966904095   0.0000000000   0.0000000000
   0.3964814532   0.0000000000   0.0000000000
   0.3962721598   0.0000000000   0.0000000000
   0.3960625282   0.0000000000   0.0000000000
   0.3958525571   0.0000000000   0.0000000000
   0.3956422451   0.0000000000   0.0000000000
   0.3954315909   0.0000000000   0.0000000000
   0.3952205935   0.0000000000   0.0000000000
   0.3950092511   0.0000000000   0.0000000000
   0.3947975628   0.0000000000   0.0000000000
   0.3945855269   0.0000000000   0.0000000000
   0.3943731424   0.0000000000   0.0000000000
   0.3941604078   0.0000000000   0.0000000000
   0.3939473217   0.0000000000   0.0000000000
   0.3937338829   0.0000000000   0.0000000000
   0.3935200900   0.0000000000   0.0000000000
   0.3933059413   0.0000000000   0.0000000000
   0.3930914359   0.0000000000   0.0000000000
   0.3928765721   0.0000000000   0.0000000000
   0.3926613486   0.0000000000   0.0000000000
   0.3924457639   0.0000000000   0.0000000000
   0.3922298167   0.0000000000   0.0000000000
   0.3920135055   0.0000000000   0.0000000000
   0.3917968291   0.0000000000   0.0000000000
   0.3915797856   0.0000000000   0.0000000000
   0.3913623738   0.0000000000   0.0000000000
   0.3911445923   0.0000000000   0.0000000000
   0.3909264394   0.0000000000   0.0000000000
   0.3907079139   0.0000000000   0.0000000000
   0.3904890142   0.0000000000   0.0000000000
   0.3902697387   0.0000000000   0.0000000000
   0.3900500859   0.0000000000   0.0000000000
   0.3898300545   0.0000000000   0.0000000000
   0.3896096426   0.0000000000   0.0000000000
   0.3893888490   0.0000000000   0.0000000000
   0.3891676719   0.0000000000   0.0000000000
   0.3889461100   0.0000000000   0.0000000000
   0.3887241615   0.0000000000   0.0000000000
   0.3885018249   0.0000000000   0.0000000000
   0.3882790987   0.0000000000   0.0000000000
   0.3880559811   0.0000000000   0.0000000000
   0.3878324707   0.0000000000   0.0000000000
   0.3876085657   0.0000000000   0.0000000000
   0.3873842646   0.0000000000   0.0000000000
   0.3871595657   0.0000000000   0.0000000000
   0.3869344674   0.0000000000   0.0000000000
   0.3867089678   0.0000000000   0.0000000000
   0.3864830656   0.0000000000   0.0000000000
   0.3862567590   0.0000000000   0.0000000000
   0.3860300462   0.0000000000   0.0000000000
   0.3858029254   0.0000000000   0.0000000000
   0.3855753950   0.0000000000   0.0000000000
   0.3853474533   0.0000000000   0.0000000000
   0.3851190987   0.0000000000   0.0000000000
   0.3848903291   0.0000000000   0.0000000000
   0.3846611429   0.0000000000   0.0000000000
   0.3844315386   0.0000000000   0.0000000000
   0.3842015138   0.0000000000   0.0000000000
   0.3839710673   0.0000000000   0.0000000000
   0.3837401969   0.0000000000   0.0000000000
   0.3835089010   0.0000000000   0.0000000000
   0.3832771776   0.0000000000   0.0000000000
   0.3830450250   0.0000000000   0.0000000000
   0.3828124411   0.0000000000   0.0000000000
   0.3825794242   0.0000000000   0.0000000000
   0.3823459725   0.0000000000   0.0000000000
   0.3821120840   0.0000000000   0.0000000000
   0.3818777567   0.0000000000   0.0000000000
   0.3816429887   0.0000000000   0.0000000000
   0.3814077782   0.0000000000   0.0000000000
   0.3811721231   0.0000000000   0.0000000000
   0.3809360215   0.0000000000   0.0000000000
   0.3806994714   0.0000000000   0.0000000000
   0.3804624708   0.0000000000   0.0000000000
   0.3802250175   0.0000000000   0.0000000000
   0.3799871099   0.0000000000   0.0000000000
   0.3797487457   0.0000000000   0.0000000000
   0.3795099227   0.0000000000   0.0000000000
   0.3792706392   0.0000000000   0.0000000000
   0.3790308928   0.0000000000   0.0000000000
   0.3787906816   0.0000000000   0.0000000000
   0.3785500033   0.0000000000   0.0000000000
   0.3783088560   0.0000000000   0.0000000000
   0.3780672374   0.0000000000   0.0000000000
   0.3778251454   0.0000000000   0.0000000000
   0.3775825777   0.0000000000   0.0000000000
   0.3773395323   0.0000000000   0.0000000000
   0.3770960070   0.0000000000   0.0000000000
   0.3768519994   0.0000000000   0.0000000000
   0.3766075074   0.0000000000   0.0000000000
   0.3763625286   0.0000000000   0.0000000000
   0.3761170609   0.0000000000   0.0000000000
   0.3758711020   0.0000000000   0.0000000000
   0.3756246493   0.0000000000   0.0000000000
   0.3753777010   0.0000000000   0.0000000000
   0.3751302544   0.0000000000   0.0000000000
   0.3748823072   0.0000000000   0.0000000000
   0.3746338571   0.0000000000   0.0000000000
   0.3743849016   0.0000000000   0.0000000000
   0.3741354383   0.0000000000   0.0000000000
   0.3738854649   0.0000000000   0.0000000000
   0.3736349790   0.0000000000   0.0000000000
   0.3733839778   0.0000000000   0.0000000000
   0.3731324590   0.0000000000   0.0000000000
   0.3728804204   0.0000000000   0.0000000000
   0.3726278591   0.0000000000   0.0000000000
   0.3723747726   0.0000000000   0.0000000000
   0.3721211585   0.0000000000   0.0000000000
   0.3718670141   0.0000000000   0.0000000000
   0.3716123368   0.0000000000   0.0000000000
   0.3713571241   0.0000000000   0.0000000000
   0.3711013733   0.0000000000   0.0000000000
   0.3708450816   0.0000000000   0.0000000000
   0.3705882464   0.0000000000   0.0000000000
   0.3703308652   0.0000000000   0.0000000000
   0.3700729350   0.0000000000   0.0000000000
   0.3698144534   0.0000000000   0.0000000000
   0.3695554173   0.0000000000   0.0000000000
   0.3692958238   0.0000000000   0.0000000000
   0.3690356706   0.0000000000   0.0000000000
   0.3687749545   0.0000000000   0.0000000000
   0.3685136728   0.0000000000   0.0000000000
   0.3682518224   0.0000000000   0.0000000000
   0.3679894007   0.0000000000   0.0000000000
   0.3677264046   0.0000000000   0.0000000000
   0.3674628311   0.0000000000   0.0000000000
   0.3671986775   0.0000000000   0.0000000000
   0.3669339405   0.0000000000   0.0000000000
   0.3666686173   0.0000000000   0.0000000000
   0.3664027047   0.0000000000   0.0000000000
   0.3661361997   0.0000000000   0.0000000000
   0.3658690992   0.0000000000   0.0000000000
   0.3656014000   0.0000000000   0.0000000000
   0.3653330992   0.0000000000   0.0000000000
   0.3650641933   0.0000000000   0.0000000000
   0.3647946794   0.0000000000   0.0000000000
   0.3645245541   0.0000000000   0.0000000000
   0.3642538143   0.0000000000   0.0000000000
   0.3639824564   0.0000000000   0.0000000000
   0.3637104776   0.0000000000   0.0000000000
   0.3634378741   0.0000000000   0.0000000000
   0.3631646429   0.0000000000   0.0000000000
   0.3628907802   0.0000000000   0.0000000000
   0.3626162830   0.0000000000   0.0000000000
   0.3623411476   0.0000000000   0.0000000000
   0.3620653707   0.0000000000   0.0000000000
   0.3617889486   0.0000000000   0.0000000000
   0.3615118779   0.0000000000   0.0000000000
   0.3612341550   0.0000000000   0.0000000000
   0.3609557762   0.0000000000   0.0000000000
   0.3606767380   0.0000000000   0.0000000000
   0.3603970368   0.0000000000   0.0000000000
   0.3601166686   0.0000000000   0.0000000000
   0.3598356300   0.0000000000   0.0000000000
   0.3595539172   0.0000000000   0.0000000000
   0.3592715262   0.0000000000   0.0000000000
   0.3589884534   0.0000000000   0.0000000000
   0.3587046948   0.0000000000   0.0000000000
   0.3584202465   0.0000000000   0.0000000000
   0.3581351047   0.0000000000   0.0000000000
   0.3578492655   0.0000000000   0.0000000000
   0.3575627245   0.0000000000   0.0000000000
   0.3572754781   0.0000000000   0.0000000000
   0.3569875221   0.0000000000   0.0000000000
   0.3566988522   0.0000000000   0.0000000000
   0.3564094645   0.0000000000   0.0000000000
   0.3561193546   0.0000000000   0.0000000000
   0.3558285185   0.0000000000   0.0000000000
   0.3555369518   0.0000000000   0.0000000000
   0.3552446504   0.0000000000   0.0000000000
   0.3549516095   0.0000000000   0.0000000000
   0.3546578252   0.0000000000   0.0000000000
   0.3543632929   0.0000000000   0.0000000000
   0.3540680080   0.0000000000   0.0000000000
   0.3537719664   0.0000000000   0.0000000000
   0.3534751630   0.0000000000   0.0000000000
   0.3531775936   0.0000000000   0.0000000000
   0.3528792534   0.0000000000   0.0000000000
   0.3525801380   0.0000000000   0.0000000000
   0.3522802421   0.0000000000   0.0000000000
   0.3519795616   0.0000000000   0.0000000000
   0.3516780911   0.0000000000   0.0000000000
   0.3513758263   0.0000000000   0.0000000000
   0.3510727617   0.0000000000   0.0000000000
   0.3507688929   0.0000000000   0.0000000000
   0.3504642145   0.0000000000   0.0000000000
   0.3501587216   0.0000000000   0.0000000000
   0.3498524092   0.0000000000   0.0000000000
   0.3495452720   0.0000000000   0.0000000000
   0.3492373047   0.0000000000   0.0000000000
   0.3489285023   0.0000000000   0.0000000000
   0.3486188593   0.0000000000   0.0000000000
   0.3483083705   0.0000000000   0.0000000000
   0.3479970303   0.0000000000   0.0000000000
   0.3476848334   0.0000000000   0.0000000000
   0.3473717741   0.0000000000   0.0000000000
   0.3470578471   0.0000000000   0.0000000000
   0.3467430465   0.0000000000   0.0000000000
   0.3464273666   0.0000000000   0.0000000000
   0.3461108018   0.0000000000   0.0000000000
   0.3457933461   0.0000000000   0.0000000000
   0.3454749940   0.0000000000   0.0000000000
   0.3451557392   0.0000000000   0.0000000000
   0.3448355758   0.0000000000   0.0000000000
   0.3445144978   0.0000000000   0.0000000000
   0.3441924989   0.0000000000   0.0000000000
   0.3438695731   0.0000000000   0.0000000000
   0.3435457143   0.0000000000   0.0000000000
   0.3432209158   0.0000000000   0.0000000000
   0.3428951713   0.0000000000   0.0000000000
   0.3425684747   0.0000000000   0.0000000000
   0.3422408190   0.0000000000   0.0000000000
   0.3419121980   0.0000000000   0.0000000000
   0.3415826048   0.0000000000   0.0000000000
   0.3412520326   0.0000000000   0.0000000000
   0.3409204749   0.0000000000   0.0000000000
   0.3405879245   0.0000000000   0.0000000000
   0.3402543747   0.0000000000   0.0000000000
   0.3399198183   0.0000000000   0.0000000000
   0.3395842482   0.0000000000   0.0000000000
   0.3392476572   0.0000000000   0.0000000000
   0.3389100380   0.0000000000   0.0000000000
   0.3385713833   0.0000000000   0.0000000000
   0.3382316857   0.0000000000   0.0000000000
   0.3378909376   0.0000000000   0.0000000000
   0.3375491313   0.0000000000   0.0000000000
   0.3372062595   0.0000000000   0.0000000000
   0.3368623139   0.0000000000   0.0000000000
   0.3365172870   0.0000000000   0.0000000000
   0.3361711706   0.0000000000   0.0000000000
   0.3358239568   0.0000000000   0.0000000000
   0.3354756374   0.0000000000   0.0000000000
   0.3351262042   0.0000000000   0.0000000000
   0.3347756487   0.0000000000   0.0000000000
   0.3344239625   0.0000000000   0.0000000000
   0.3340711373   0.0000000000   0.0000000000
   0.3337171642   0.0000000000   0.0000000000
   0.3333620345   0.0000000000   0.0000000000
   0.3330057396   0.0000000000   0.0000000000
   0.3326482701   0.0000000000   0.0000000000
   0.3322896173   0.0000000000   0.0000000000
   0.3319297719   0.0000000000   0.0000000000
   0.3315687246   0.0000000000   0.0000000000
   0.3312064659   0.0000000000   0.0000000000
   0.3308429865   0.0000000000   0.0000000000
   0.3304782767   0.0000000000   0.0000000000
   0.3301123267   0.0000000000   0.0000000000
   0.3297451266   0.0000000000   0.0000000000
   0.3293766665   0.0000000000   0.0000000000
   0.3290069362   0.0000000000   0.0000000000
   0.3286359255   0.0000000000   0.0000000000
   0.3282636240   0.0000000000   0.0000000000
   0.3278900212   0.0000000000   0.0000000000
   0.3275151063   0.0000000000   0.0000000000
   0.3271388687   0.0000000000   0.0000000000
   0.3267612974   0.0000000000   0.0000000000
   0.3263823814   0.0000000000   0.0000000000
   0.3260021095   0.0000000000   0.0000000000
   0.3256204703   0.0000000000   0.0000000000
   0.3252374522   0.0000000000   0.0000000000
   0.3248530437   0.0000000000   0.0000000000
   0.3244672329   0.0000000000   0.0000000000
   0.3240800079   0.0000000000   0.0000000000
   0.3236913565   0.0000000000   0.0000000000
   0.3233012664   0.0000000000   0.0000000000
   0.3229097251   0.0000000000   0.0000000000
   0.3225167201   0.0000000000   0.0000000000
   0.3221222385   0.0000000000   0.0000000000
   0.3217262675   0.0000000000   0.0000000000
   0.3213287936   0.0000000000   0.0000000000
   0.3209298038   0.0000000000   0.0000000000
   0.3205292843   0.0000000000   0.0000000000
   0.3201272216   0.0000000000   0.0000000000
   0.3197236018   0.0000000000   0.0000000000
   0.3193184106   0.0000000000   0.0000000000
   0.3189116338   0.0000000000   0.0000000000
   0.3185032569   0.0000000000   0.0000000000
   0.3180932651   0.0000000000   0.0000000000
   0.3176816436   0.0000000000   0.0000000000
   0.3172683772   0.0000000000   0.0000000000
   0.3168534505   0.0000000000   0.0000000000
   0.3164368480   0.0000000000   0.0000000000
   0.3160185538   0.0000000000   0.0000000000
   0.3155985518   0.0000000000   0.0000000000
   0.3151768258   0.0000000000   0.0000000000
   0.3147533592   0.0000000000   0.0000000000
   0.3143281352   0.0000000000   0.0000000000
   0.3139011368   0.0000000000   0.0000000000
   0.3134723466   0.0000000000   0.0000000000
   0.3130417473   0.0000000000   0.0000000000
   0.3126093209   0.0000000000   0.0000000000
   0.3121750492   0.0000000000   0.0000000000
   0.3117389138   0.0000000000   0.0000000000
   0.3113008961   0.0000000000   0.0000000000
   0.3108609771   0.0000000000   0.0000000000
   0.3104191377   0.0000000000   0.0000000000
   0.3099753581   0.0000000000   0.0000000000
   0.3095296184   0.0000000000   0.0000000000
   0.3090818986   0.0000000000   0.0000000000
   0.3086321781   0.0000000000   0.0000000000
   0.3081804359   0.0000000000   0.0000000000
   0.3077266508   0.0000000000   0.0000000000
   0.3072708013   0.0000000000   0.0000000000
   0.3068128656   0.0000000000   0.0000000000
   0.3063528211   0.0000000000   0.0000000000
   0.3058906455   0.0000000000   0.0000000000
   0.3054263156   0.0000000000   0.0000000000
   0.3049598081   0.0000000000   0.0000000000
   0.3044910989   0.0000000000   0.0000000000
   0.3040201641   0.0000000000   0.0000000000
   0.3035469790   0.0000000000   0.0000000000
   0.3030715182   0.0000000000   0.0000000000
   0.3025937566   0.0000000000   0.0000000000
   0.3021136680   0.0000000000   0.0000000000
   0.3016312262   0.0000000000   0.0000000000
   0.3011464042   0.0000000000   0.0000000000
   0.3006591747   0.0000000000   0.0000000000
   0.3001695097   0.0000000000   0.0000000000
   0.2996773810   0.0000000000   0.0000000000
   0.2991827597   0.0000000000   0.0000000000
   0.2986856165   0.0000000000   0.0000000000
   0.2981859212   0.0000000000   0.0000000000
   0.2976836437   0.0000000000   0.0000000000
   0.2971787526   0.0000000000   0.0000000000
   0.2966712165   0.0000000000   0.0000000000
   0.2961610032   0.0000000000   0.0000000000
   0.2956480796   0.0000000000   0.0000000000
   0.2951324124   0.0000000000   0.0000000000
   0.2946139676   0.0000000000   0.0000000000
   0.2940927102   0.0000000000   0.0000000000
   0.2935686048   0.0000000000   0.0000000000
   0.2930416154   0.0000000000   0.0000000000
   0.2925117051   0.0000000000   0.0000000000
   0.2919788363   0.0000000000   0.0000000000
   0.2914429705   0.0000000000   0.0000000000
   0.2909040690   0.0000000000   0.0000000000
   0.2903620914   0.0000000000   0.0000000000
   0.2898169974   0.0000000000   0.0000000000
   0.2892687452   0.0000000000   0.0000000000
   0.2887172924   0.0000000000   0.0000000000
   0.2881625960   0.0000000000   0.0000000000
   0.2876046116   0.0000000000   0.0000000000
   0.2870432939   0.0000000000   0.0000000000
   0.2864785971   0.0000000000   0.0000000000
   0.2859104740   0.0000000000   0.0000000000
   0.2853388767   0.0000000000   0.0000000000
   0.2847637557   0.0000000000   0.0000000000
   0.2841850611   0.0000000000   0.0000000000
   0.2836027416   0.0000000000   0.0000000000
   0.2830167446   0.0000000000   0.0000000000
   0.2824270167   0.0000000000   0.0000000000
   0.2818335029   0.0000000000   0.0000000000
   0.2812361473   0.0000000000   0.0000000000
