   1.0009999999999999     
  2.00000000000000004E-002         501
    11.0010000000     2.6818249759    48.6524406693  0.0000000000  1.0000000000
    10.9810000000     2.6759940113    48.5813109523  0.0000000000  1.0000000000
    10.9610000000     2.6701639768    48.5101507529  0.0000000000  1.0000000000
    10.9410000000     2.6643348911    48.4389601938  0.0000000000  1.0000000000
    10.9210000000     2.6585067441    48.3677390457  0.0000000000  1.0000000000
    10.9010000000     2.6526795549    48.2964874330  0.0000000000  1.0000000000
    10.8810000000     2.6468533134    48.2252051287  0.0000000000  1.0000000000
    10.8610000000     2.6410280246    48.1538920828  0.0000000000  1.0000000000
    10.8410000000     2.6352037005    48.0825483346  0.0000000000  1.0000000000
    10.8210000000     2.6293803316    48.0111736604  0.0000000000  1.0000000000
    10.8010000000     2.6235579374    47.9397681890  0.0000000000  1.0000000000
    10.7810000000     2.6177365088    47.8683316991  0.0000000000  1.0000000000
    10.7610000000     2.6119160511    47.7968641460  0.0000000000  1.0000000000
    10.7410000000     2.6060965699    47.7253654860  0.0000000000  1.0000000000
    10.7210000000     2.6002780708    47.6538356763  0.0000000000  1.0000000000
    10.7010000000     2.5944605523    47.5822745879  0.0000000000  1.0000000000
    10.6810000000     2.5886440203    47.5106821803  0.0000000000  1.0000000000
    10.6610000000     2.5828284808    47.4390584138  0.0000000000  1.0000000000
    10.6410000000     2.5770139329    47.3674031627  0.0000000000  1.0000000000
    10.6210000000     2.5712003827    47.2957163897  0.0000000000  1.0000000000
    10.6010000000     2.5653878366    47.2239980583  0.0000000000  1.0000000000
    10.5810000000     2.5595762941    47.1522480461  0.0000000000  1.0000000000
    10.5610000000     2.5537657617    47.0804663190  0.0000000000  1.0000000000
    10.5410000000     2.5479562393    47.0086527569  0.0000000000  1.0000000000
    10.5210000000     2.5421477301    46.9368072845  0.0000000000  1.0000000000
    10.5010000000     2.5363402413    46.8649298708  0.0000000000  1.0000000000
    10.4810000000     2.5305337764    46.7930204426  0.0000000000  1.0000000000
    10.4610000000     2.5247283428    46.7210789708  0.0000000000  1.0000000000
    10.4410000000     2.5189239338    46.6491052552  0.0000000000  1.0000000000
    10.4210000000     2.5131205641    46.5770993552  0.0000000000  1.0000000000
    10.4010000000     2.5073182342    46.5050611590  0.0000000000  1.0000000000
    10.3810000000     2.5015169452    46.4329905562  0.0000000000  1.0000000000
    10.3610000000     2.4957166980    46.3608874373  0.0000000000  1.0000000000
    10.3410000000     2.4899175076    46.2887518661  0.0000000000  1.0000000000
    10.3210000000     2.4841193684    46.2165836497  0.0000000000  1.0000000000
    10.3010000000     2.4783222888    46.1443827682  0.0000000000  1.0000000000
    10.2810000000     2.4725262704    46.0721491169  0.0000000000  1.0000000000
    10.2610000000     2.4667313149    45.9998825925  0.0000000000  1.0000000000
    10.2410000000     2.4609374345    45.9275832213  0.0000000000  1.0000000000
    10.2210000000     2.4551446245    45.8552508169  0.0000000000  1.0000000000
    10.2010000000     2.4493528973    45.7828854076  0.0000000000  1.0000000000
    10.1810000000     2.4435622484    45.7104868098  0.0000000000  1.0000000000
    10.1610000000     2.4377726940    45.6380550965  0.0000000000  1.0000000000
    10.1410000000     2.4319842230    45.5655900016  0.0000000000  1.0000000000
    10.1210000000     2.4261968452    45.4930915156  0.0000000000  1.0000000000
    10.1010000000     2.4204105737    45.4205596724  0.0000000000  1.0000000000
    10.0810000000     2.4146254047    45.3479942948  0.0000000000  1.0000000000
    10.0610000000     2.4088413382    45.2753952496  0.0000000000  1.0000000000
    10.0410000000     2.4030583878    45.2027625742  0.0000000000  1.0000000000
    10.0210000000     2.3972765502    45.1300960957  0.0000000000  1.0000000000
    10.0010000000     2.3914958394    45.0573958536  0.0000000000  1.0000000000
     9.9810000000     2.3857162524    44.9846616777  0.0000000000  1.0000000000
     9.9610000000     2.3799377934    44.9118934834  0.0000000000  1.0000000000
     9.9410000000     2.3741604665    44.8390911875  0.0000000000  1.0000000000
     9.9210000000     2.3683842829    44.7662547923  0.0000000000  1.0000000000
     9.9010000000     2.3626092369    44.6933840909  0.0000000000  1.0000000000
     9.8810000000     2.3568353400    44.6204790882  0.0000000000  1.0000000000
     9.8610000000     2.3510625971    44.5475397061  0.0000000000  1.0000000000
     9.8410000000     2.3452910131    44.4745658677  0.0000000000  1.0000000000
     9.8210000000     2.3395205832    44.4015573721  0.0000000000  1.0000000000
     9.8010000000     2.3337513260    44.3285143128  0.0000000000  1.0000000000
     9.7810000000     2.3279832339    44.2554364495  0.0000000000  1.0000000000
     9.7610000000     2.3222163257    44.1823238782  0.0000000000  1.0000000000
     9.7410000000     2.3164505873    44.1091762783  0.0000000000  1.0000000000
     9.7210000000     2.3106860414    44.0359937897  0.0000000000  1.0000000000
     9.7010000000     2.3049226808    43.9627761784  0.0000000000  1.0000000000
     9.6810000000     2.2991605217    43.8895235033  0.0000000000  1.0000000000
     9.6610000000     2.2933995544    43.8162354919  0.0000000000  1.0000000000
     9.6410000000     2.2876397919    43.7429121640  0.0000000000  1.0000000000
     9.6210000000     2.2818812443    43.6695534995  0.0000000000  1.0000000000
     9.6010000000     2.2761239057    43.5961592718  0.0000000000  1.0000000000
     9.5810000000     2.2703677897    43.5227295048  0.0000000000  1.0000000000
     9.5610000000     2.2646128972    43.4492640581  0.0000000000  1.0000000000
     9.5410000000     2.2588592323    43.3757628341  0.0000000000  1.0000000000
     9.5210000000     2.2531068029    43.3022257778  0.0000000000  1.0000000000
     9.5010000000     2.2473556135    43.2286527947  0.0000000000  1.0000000000
     9.4810000000     2.2416056658    43.1550437503  0.0000000000  1.0000000000
     9.4610000000     2.2358569743    43.0813986763  0.0000000000  1.0000000000
     9.4410000000     2.2301095345    43.0077173588  0.0000000000  1.0000000000
     9.4210000000     2.2243633552    42.9339997503  0.0000000000  1.0000000000
     9.4010000000     2.2186184385    42.8602457224  0.0000000000  1.0000000000
     9.3810000000     2.2128747998    42.7864553121  0.0000000000  1.0000000000
     9.3610000000     2.2071324290    42.7126282303  0.0000000000  1.0000000000
     9.3410000000     2.2013913482    42.6387645989  0.0000000000  1.0000000000
     9.3210000000     2.1956515509    42.5648641727  0.0000000000  1.0000000000
     9.3010000000     2.1899130467    42.4909269129  0.0000000000  1.0000000000
     9.2810000000     2.1841758423    42.4169527412  0.0000000000  1.0000000000
     9.2610000000     2.1784399413    42.3429415398  0.0000000000  1.0000000000
     9.2410000000     2.1727053477    42.2688931929  0.0000000000  1.0000000000
     9.2210000000     2.1669720717    42.1948076675  0.0000000000  1.0000000000
     9.2010000000     2.1612401176    42.1206848505  0.0000000000  1.0000000000
     9.1810000000     2.1555094899    42.0465246309  0.0000000000  1.0000000000
     9.1610000000     2.1497801933    41.9723268989  0.0000000000  1.0000000000
     9.1410000000     2.1440522356    41.8980915871  0.0000000000  1.0000000000
     9.1210000000     2.1383256220    41.8238185890  0.0000000000  1.0000000000
     9.1010000000     2.1326003609    41.7495078401  0.0000000000  1.0000000000
     9.0810000000     2.1268764513    41.6751591566  0.0000000000  1.0000000000
     9.0610000000     2.1211539053    41.6007725177  0.0000000000  1.0000000000
     9.0410000000     2.1154327287    41.5263478233  0.0000000000  1.0000000000
     9.0210000000     2.1097129275    41.4518849751  0.0000000000  1.0000000000
     9.0010000000     2.1039945018    41.3773837962  0.0000000000  1.0000000000
     8.9810000000     2.0982774642    41.3028442718  0.0000000000  1.0000000000
     8.9610000000     2.0925618215    41.2282663087  0.0000000000  1.0000000000
     8.9410000000     2.0868475743    41.1536497350  0.0000000000  1.0000000000
     8.9210000000     2.0811347359    41.0789945409  0.0000000000  1.0000000000
     8.9010000000     2.0754233074    41.0043005579  0.0000000000  1.0000000000
     8.8810000000     2.0697132965    40.9295676995  0.0000000000  1.0000000000
     8.8610000000     2.0640047076    40.8547958409  0.0000000000  1.0000000000
     8.8410000000     2.0582975489    40.7799848990  0.0000000000  1.0000000000
     8.8210000000     2.0525918314    40.7051348320  0.0000000000  1.0000000000
     8.8010000000     2.0468875574    40.6302454804  0.0000000000  1.0000000000
     8.7810000000     2.0411847295    40.5553166869  0.0000000000  1.0000000000
     8.7610000000     2.0354833625    40.4803484544  0.0000000000  1.0000000000
     8.7410000000     2.0297834594    40.4053406289  0.0000000000  1.0000000000
     8.7210000000     2.0240850234    40.3302930585  0.0000000000  1.0000000000
     8.7010000000     2.0183880699    40.2552057511  0.0000000000  1.0000000000
     8.6810000000     2.0126925966    40.1800784792  0.0000000000  1.0000000000
     8.6610000000     2.0069986164    40.1049112147  0.0000000000  1.0000000000
     8.6410000000     2.0013061333    40.0297038130  0.0000000000  1.0000000000
     8.6210000000     1.9956151549    39.9544561704  0.0000000000  1.0000000000
     8.6010000000     1.9899256915    39.8791682249  0.0000000000  1.0000000000
     8.5810000000     1.9842377421    39.8038397585  0.0000000000  1.0000000000
     8.5610000000     1.9785513236    39.7284707914  0.0000000000  1.0000000000
     8.5410000000     1.9728664355    39.6530611095  0.0000000000  1.0000000000
     8.5210000000     1.9671830920    39.5776106970  0.0000000000  1.0000000000
     8.5010000000     1.9615012932    39.5021193442  0.0000000000  1.0000000000
     8.4810000000     1.9558210539    39.4265870386  0.0000000000  1.0000000000
     8.4610000000     1.9501423745    39.3510135745  0.0000000000  1.0000000000
     8.4410000000     1.9444652702    39.2753989432  0.0000000000  1.0000000000
     8.4210000000     1.9387897420    39.1997429426  0.0000000000  1.0000000000
     8.4010000000     1.9331157998    39.1240454901  0.0000000000  1.0000000000
     8.3810000000     1.9274434510    39.0483064655  0.0000000000  1.0000000000
     8.3610000000     1.9217727028    38.9725257510  0.0000000000  1.0000000000
     8.3410000000     1.9161035633    38.8967032305  0.0000000000  1.0000000000
     8.3210000000     1.9104360402    38.8208387900  0.0000000000  1.0000000000
     8.3010000000     1.9047701449    38.7449323562  0.0000000000  1.0000000000
     8.2810000000     1.8991058799    38.6689837415  0.0000000000  1.0000000000
     8.2610000000     1.8934432570    38.5929928765  0.0000000000  1.0000000000
     8.2410000000     1.8877822852    38.5169596551  0.0000000000  1.0000000000
     8.2210000000     1.8821229680    38.4408838961  0.0000000000  1.0000000000
     8.2010000000     1.8764653206    38.3647655745  0.0000000000  1.0000000000
     8.1810000000     1.8708093414    38.2886044363  0.0000000000  1.0000000000
     8.1610000000     1.8651550462    38.2124004605  0.0000000000  1.0000000000
     8.1410000000     1.8595024453    38.1361535511  0.0000000000  1.0000000000
     8.1210000000     1.8538515406    38.0598634991  0.0000000000  1.0000000000
     8.1010000000     1.8482023431    37.9835302127  0.0000000000  1.0000000000
     8.0810000000     1.8425548639    37.9071536021  0.0000000000  1.0000000000
     8.0610000000     1.8369091086    37.8307335031  0.0000000000  1.0000000000
     8.0410000000     1.8312650862    37.7542697920  0.0000000000  1.0000000000
     8.0210000000     1.8256228084    37.6777623854  0.0000000000  1.0000000000
     8.0010000000     1.8199822846    37.6012111634  0.0000000000  1.0000000000
     7.9810000000     1.8143435190    37.5246159328  0.0000000000  1.0000000000
     7.9610000000     1.8087065241    37.4479766162  0.0000000000  1.0000000000
     7.9410000000     1.8030713074    37.3712930627  0.0000000000  1.0000000000
     7.9210000000     1.7974378794    37.2945651614  0.0000000000  1.0000000000
     7.9010000000     1.7918062481    37.2177927657  0.0000000000  1.0000000000
     7.8810000000     1.7861764246    37.1409757692  0.0000000000  1.0000000000
     7.8610000000     1.7805484173    37.0641140296  0.0000000000  1.0000000000
     7.8410000000     1.7749222379    36.9872074448  0.0000000000  1.0000000000
     7.8210000000     1.7692978928    36.9102558396  0.0000000000  1.0000000000
     7.8010000000     1.7636753915    36.8332590785  0.0000000000  1.0000000000
     7.7810000000     1.7580547436    36.7562170287  0.0000000000  1.0000000000
     7.7610000000     1.7524359647    36.6791296344  0.0000000000  1.0000000000
     7.7410000000     1.7468190598    36.6019966920  0.0000000000  1.0000000000
     7.7210000000     1.7412040393    36.5248180753  0.0000000000  1.0000000000
     7.7010000000     1.7355909116    36.4475936230  0.0000000000  1.0000000000
     7.6810000000     1.7299796933    36.3703232883  0.0000000000  1.0000000000
     7.6610000000     1.7243703878    36.2930068398  0.0000000000  1.0000000000
     7.6410000000     1.7187630070    36.2156441606  0.0000000000  1.0000000000
     7.6210000000     1.7131575631    36.1382351363  0.0000000000  1.0000000000
     7.6010000000     1.7075540685    36.0607796543  0.0000000000  1.0000000000
     7.5810000000     1.7019525279    35.9832774934  0.0000000000  1.0000000000
     7.5610000000     1.6963529573    35.9057285832  0.0000000000  1.0000000000
     7.5410000000     1.6907553672    35.8281327812  0.0000000000  1.0000000000
     7.5210000000     1.6851597634    35.7504898737  0.0000000000  1.0000000000
     7.5010000000     1.6795661626    35.6727997972  0.0000000000  1.0000000000
     7.4810000000     1.6739745739    35.5950623798  0.0000000000  1.0000000000
     7.4610000000     1.6683850092    35.5172774889  0.0000000000  1.0000000000
     7.4410000000     1.6627974784    35.4394449576  0.0000000000  1.0000000000
     7.4210000000     1.6572119915    35.3615646215  0.0000000000  1.0000000000
     7.4010000000     1.6516285641    35.2836363922  0.0000000000  1.0000000000
     7.3810000000     1.6460472069    35.2056601102  0.0000000000  1.0000000000
     7.3610000000     1.6404679259    35.1276355455  0.0000000000  1.0000000000
     7.3410000000     1.6348907428    35.0495626901  0.0000000000  1.0000000000
     7.3210000000     1.6293156589    34.9714412459  0.0000000000  1.0000000000
     7.3010000000     1.6237426969    34.8932712099  0.0000000000  1.0000000000
     7.2810000000     1.6181718587    34.8150522893  0.0000000000  1.0000000000
     7.2610000000     1.6126031623    34.7367844131  0.0000000000  1.0000000000
     7.2410000000     1.6070366209    34.6584674397  0.0000000000  1.0000000000
     7.2210000000     1.6014722429    34.5801011573  0.0000000000  1.0000000000
     7.2010000000     1.5959100471    34.5016855023  0.0000000000  1.0000000000
     7.1810000000     1.5903500376    34.4232201957  0.0000000000  1.0000000000
     7.1610000000     1.5847922340    34.3447051790  0.0000000000  1.0000000000
     7.1410000000     1.5792366462    34.2661402512  0.0000000000  1.0000000000
     7.1210000000     1.5736832869    34.1875252502  0.0000000000  1.0000000000
     7.1010000000     1.5681321718    34.1088600529  0.0000000000  1.0000000000
     7.0810000000     1.5625833117    34.0301444663  0.0000000000  1.0000000000
     7.0610000000     1.5570367206    33.9513783367  0.0000000000  1.0000000000
     7.0410000000     1.5514924126    33.8725615125  0.0000000000  1.0000000000
     7.0210000000     1.5459504024    33.7936938452  0.0000000000  1.0000000000
     7.0010000000     1.5404107000    33.7147751172  0.0000000000  1.0000000000
     6.9810000000     1.5348733231    33.6358052212  0.0000000000  1.0000000000
     6.9610000000     1.5293382826    33.5567839451  0.0000000000  1.0000000000
     6.9410000000     1.5238055970    33.4777111869  0.0000000000  1.0000000000
     6.9210000000     1.5182752754    33.3985867045  0.0000000000  1.0000000000
     6.9010000000     1.5127473372    33.3194104015  0.0000000000  1.0000000000
     6.8810000000     1.5072217922    33.2401820415  0.0000000000  1.0000000000
     6.8610000000     1.5016986607    33.1609015332  0.0000000000  1.0000000000
     6.8410000000     1.4961779482    33.0815685754  0.0000000000  1.0000000000
     6.8210000000     1.4906596808    33.0021831531  0.0000000000  1.0000000000
     6.8010000000     1.4851438650    32.9227449709  0.0000000000  1.0000000000
     6.7810000000     1.4796305225    32.8432539485  0.0000000000  1.0000000000
     6.7610000000     1.4741196632    32.7637098318  0.0000000000  1.0000000000
     6.7410000000     1.4686113048    32.6841124756  0.0000000000  1.0000000000
     6.7210000000     1.4631054654    32.6044617373  0.0000000000  1.0000000000
     6.7010000000     1.4576021585    32.5247574068  0.0000000000  1.0000000000
     6.6810000000     1.4521013982    32.4449992773  0.0000000000  1.0000000000
     6.6610000000     1.4466032038    32.3651872149  0.0000000000  1.0000000000
     6.6410000000     1.4411075903    32.2853210185  0.0000000000  1.0000000000
     6.6210000000     1.4356145729    32.2054004899  0.0000000000  1.0000000000
     6.6010000000     1.4301241724    32.1254255038  0.0000000000  1.0000000000
     6.5810000000     1.4246364001    32.0453957984  0.0000000000  1.0000000000
     6.5610000000     1.4191512798    31.9653112888  0.0000000000  1.0000000000
     6.5410000000     1.4136688192    31.8851716497  0.0000000000  1.0000000000
     6.5210000000     1.4081890453    31.8049768370  0.0000000000  1.0000000000
     6.5010000000     1.4027119690    31.7247265662  0.0000000000  1.0000000000
     6.4810000000     1.3972376089    31.6444206601  0.0000000000  1.0000000000
     6.4610000000     1.3917659861    31.5640589792  0.0000000000  1.0000000000
     6.4410000000     1.3862971154    31.4836412831  0.0000000000  1.0000000000
     6.4210000000     1.3808310166    31.4031674035  0.0000000000  1.0000000000
     6.4010000000     1.3753677077    31.3226371408  0.0000000000  1.0000000000
     6.3810000000     1.3699072048    31.2420502639  0.0000000000  1.0000000000
     6.3610000000     1.3644495314    31.1614066481  0.0000000000  1.0000000000
     6.3410000000     1.3589947046    31.0807060685  0.0000000000  1.0000000000
     6.3210000000     1.3535427396    30.9999482692  0.0000000000  1.0000000000
     6.3010000000     1.3480936591    30.9191331001  0.0000000000  1.0000000000
     6.2810000000     1.3426474839    30.8382603799  0.0000000000  1.0000000000
     6.2610000000     1.3372042307    30.7573298622  0.0000000000  1.0000000000
     6.2410000000     1.3317639191    30.6763413379  0.0000000000  1.0000000000
     6.2210000000     1.3263265736    30.5952946688  0.0000000000  1.0000000000
     6.2010000000     1.3208922102    30.5141895841  0.0000000000  1.0000000000
     6.1810000000     1.3154608521    30.4330259179  0.0000000000  1.0000000000
     6.1610000000     1.3100325163    30.3518034056  0.0000000000  1.0000000000
     6.1410000000     1.3046072293    30.2705219215  0.0000000000  1.0000000000
     6.1210000000     1.2991850070    30.1891811736  0.0000000000  1.0000000000
     6.1010000000     1.2937658724    30.1077809746  0.0000000000  1.0000000000
     6.0810000000     1.2883498513    30.0263211741  0.0000000000  1.0000000000
     6.0610000000     1.2829369587    29.9448014561  0.0000000000  1.0000000000
     6.0410000000     1.2775272194    29.8632216430  0.0000000000  1.0000000000
     6.0210000000     1.2721206561    29.7815815262  0.0000000000  1.0000000000
     6.0010000000     1.2667172902    29.6998808670  0.0000000000  1.0000000000
     5.9810000000     1.2613171478    29.6181194968  0.0000000000  1.0000000000
     5.9610000000     1.2559202490    29.5362971497  0.0000000000  1.0000000000
     5.9410000000     1.2505266166    29.4544135967  0.0000000000  1.0000000000
     5.9210000000     1.2451362763    29.3724686450  0.0000000000  1.0000000000
     5.9010000000     1.2397492498    29.2904620386  0.0000000000  1.0000000000
     5.8810000000     1.2343655616    29.2083935579  0.0000000000  1.0000000000
     5.8610000000     1.2289852368    29.1262629866  0.0000000000  1.0000000000
     5.8410000000     1.2236082989    29.0440700781  0.0000000000  1.0000000000
     5.8210000000     1.2182347740    28.9618146225  0.0000000000  1.0000000000
     5.8010000000     1.2128646846    28.8794963467  0.0000000000  1.0000000000
     5.7810000000     1.2074980580    28.7971150471  0.0000000000  1.0000000000
     5.7610000000     1.2021349201    28.7146704900  0.0000000000  1.0000000000
     5.7410000000     1.1967752950    28.6321624121  0.0000000000  1.0000000000
     5.7210000000     1.1914192119    28.5495906191  0.0000000000  1.0000000000
     5.7010000000     1.1860666939    28.4669548212  0.0000000000  1.0000000000
     5.6810000000     1.1807177692    28.3842547977  0.0000000000  1.0000000000
     5.6610000000     1.1753724666    28.3014903306  0.0000000000  1.0000000000
     5.6410000000     1.1700308089    28.2186611073  0.0000000000  1.0000000000
     5.6210000000     1.1646928284    28.1357669491  0.0000000000  1.0000000000
     5.6010000000     1.1593585513    28.0528075822  0.0000000000  1.0000000000
     5.5810000000     1.1540280024    27.9697827038  0.0000000000  1.0000000000
     5.5610000000     1.1487012157    27.8866921442  0.0000000000  1.0000000000
     5.5410000000     1.1433782193    27.8035356393  0.0000000000  1.0000000000
     5.5210000000     1.1380590400    27.7203128957  0.0000000000  1.0000000000
     5.5010000000     1.1327437074    27.6370236557  0.0000000000  1.0000000000
     5.4810000000     1.1274322535    27.5536676968  0.0000000000  1.0000000000
     5.4610000000     1.1221247071    27.4702447352  0.0000000000  1.0000000000
     5.4410000000     1.1168210977    27.3867544901  0.0000000000  1.0000000000
     5.4210000000     1.1115214592    27.3031967484  0.0000000000  1.0000000000
     5.4010000000     1.1062258203    27.2195712031  0.0000000000  1.0000000000
     5.3810000000     1.1009342124    27.1358775828  0.0000000000  1.0000000000
     5.3610000000     1.0956466715    27.0521156831  0.0000000000  1.0000000000
     5.3410000000     1.0903632264    26.9682851743  0.0000000000  1.0000000000
     5.3210000000     1.0850839082    26.8843857622  0.0000000000  1.0000000000
     5.3010000000     1.0798087551    26.8004172509  0.0000000000  1.0000000000
     5.2810000000     1.0745377938    26.7163792564  0.0000000000  1.0000000000
     5.2610000000     1.0692710657    26.6322716205  0.0000000000  1.0000000000
     5.2410000000     1.0640086009    26.5480939968  0.0000000000  1.0000000000
     5.2210000000     1.0587504342    26.4638461057  0.0000000000  1.0000000000
     5.2010000000     1.0534966010    26.3795276704  0.0000000000  1.0000000000
     5.1810000000     1.0482471377    26.2951384168  0.0000000000  1.0000000000
     5.1610000000     1.0430020791    26.2106780419  0.0000000000  1.0000000000
     5.1410000000     1.0377614610    26.1261462460  0.0000000000  1.0000000000
     5.1210000000     1.0325253216    26.0415427631  0.0000000000  1.0000000000
     5.1010000000     1.0272936981    25.9568672986  0.0000000000  1.0000000000
     5.0810000000     1.0220666265    25.8721195295  0.0000000000  1.0000000000
     5.0610000000     1.0168441471    25.7872991977  0.0000000000  1.0000000000
     5.0410000000     1.0116262975    25.7024059854  0.0000000000  1.0000000000
     5.0210000000     1.0064131158    25.6174395774  0.0000000000  1.0000000000
     5.0010000000     1.0012046409    25.5323996609  0.0000000000  1.0000000000
     4.9810000000     0.9960009163    25.4472859880  0.0000000000  1.0000000000
     4.9610000000     0.9908019805    25.3620982198  0.0000000000  1.0000000000
     4.9410000000     0.9856078727    25.2768360199  0.0000000000  1.0000000000
     4.9210000000     0.9804186349    25.1914990856  0.0000000000  1.0000000000
     4.9010000000     0.9752343118    25.1060871471  0.0000000000  1.0000000000
     4.8810000000     0.9700549431    25.0205998441  0.0000000000  1.0000000000
     4.8610000000     0.9648805712    24.9350368497  0.0000000000  1.0000000000
     4.8410000000     0.9597112430    24.8493979006  0.0000000000  1.0000000000
     4.8210000000     0.9545469989    24.7636826126  0.0000000000  1.0000000000
     4.8010000000     0.9493878835    24.6778906651  0.0000000000  1.0000000000
     4.7810000000     0.9442339463    24.5920218007  0.0000000000  1.0000000000
     4.7610000000     0.9390852262    24.5060755803  0.0000000000  1.0000000000
     4.7410000000     0.9339417760    24.4200517807  0.0000000000  1.0000000000
     4.7210000000     0.9288036401    24.3339500277  0.0000000000  1.0000000000
     4.7010000000     0.9236708618    24.2477699187  0.0000000000  1.0000000000
     4.6810000000     0.9185434944    24.1615112049  0.0000000000  1.0000000000
     4.6610000000     0.9134215849    24.0751735174  0.0000000000  1.0000000000
     4.6410000000     0.9083051828    23.9887565190  0.0000000000  1.0000000000
     4.6210000000     0.9031943366    23.9022598442  0.0000000000  1.0000000000
     4.6010000000     0.8980890958    23.8156831286  0.0000000000  1.0000000000
     4.5810000000     0.8929895124    23.7290260393  0.0000000000  1.0000000000
     4.5610000000     0.8878956395    23.6422882448  0.0000000000  1.0000000000
     4.5410000000     0.8828075289    23.5554693843  0.0000000000  1.0000000000
     4.5210000000     0.8777252319    23.4685690683  0.0000000000  1.0000000000
     4.5010000000     0.8726488039    23.3815869681  0.0000000000  1.0000000000
     4.4810000000     0.8675782978    23.2945226961  0.0000000000  1.0000000000
     4.4610000000     0.8625137691    23.2073758953  0.0000000000  1.0000000000
     4.4410000000     0.8574552726    23.1201461796  0.0000000000  1.0000000000
     4.4210000000     0.8524028671    23.0328332229  0.0000000000  1.0000000000
     4.4010000000     0.8473566075    22.9454366103  0.0000000000  1.0000000000
     4.3810000000     0.8423165528    22.8579559870  0.0000000000  1.0000000000
     4.3610000000     0.8372827596    22.7703909387  0.0000000000  1.0000000000
     4.3410000000     0.8322552905    22.6827411403  0.0000000000  1.0000000000
     4.3210000000     0.8272342022    22.5950061484  0.0000000000  1.0000000000
     4.3010000000     0.8222195573    22.5071856080  0.0000000000  1.0000000000
     4.2810000000     0.8172114179    22.4192791345  0.0000000000  1.0000000000
     4.2610000000     0.8122098450    22.3312863134  0.0000000000  1.0000000000
     4.2410000000     0.8072149026    22.2432067591  0.0000000000  1.0000000000
     4.2210000000     0.8022266537    22.1550400560  0.0000000000  1.0000000000
     4.2010000000     0.7972451656    22.0667858465  0.0000000000  1.0000000000
     4.1810000000     0.7922705000    21.9784436548  0.0000000000  1.0000000000
     4.1610000000     0.7873027277    21.8900131504  0.0000000000  1.0000000000
     4.1410000000     0.7823419124    21.8014938555  0.0000000000  1.0000000000
     4.1210000000     0.7773881251    21.7128854076  0.0000000000  1.0000000000
     4.1010000000     0.7724414331    21.6241873553  0.0000000000  1.0000000000
     4.0810000000     0.7675019060    21.5353992749  0.0000000000  1.0000000000
     4.0610000000     0.7625696180    21.4465207983  0.0000000000  1.0000000000
     4.0410000000     0.7576446358    21.3575514112  0.0000000000  1.0000000000
     4.0210000000     0.7527270371    21.2684907701  0.0000000000  1.0000000000
     4.0010000000     0.7478168938    21.1793384139  0.0000000000  1.0000000000
     3.9810000000     0.7429142791    21.0900938792  0.0000000000  1.0000000000
     3.9610000000     0.7380192702    21.0007567569  0.0000000000  1.0000000000
     3.9410000000     0.7331319423    20.9113265781  0.0000000000  1.0000000000
     3.9210000000     0.7282523745    20.8218029279  0.0000000000  1.0000000000
     3.9010000000     0.7233806455    20.7321853593  0.0000000000  1.0000000000
     3.8810000000     0.7185168335    20.6424733935  0.0000000000  1.0000000000
     3.8610000000     0.7136610190    20.5526665765  0.0000000000  1.0000000000
     3.8410000000     0.7088132838    20.4627644507  0.0000000000  1.0000000000
     3.8210000000     0.7039737137    20.3727666104  0.0000000000  1.0000000000
     3.8010000000     0.6991423878    20.2826725046  0.0000000000  1.0000000000
     3.7810000000     0.6943193938    20.1924817189  0.0000000000  1.0000000000
     3.7610000000     0.6895048175    20.1021937778  0.0000000000  1.0000000000
     3.7410000000     0.6846987443    20.0118081725  0.0000000000  1.0000000000
     3.7210000000     0.6799012649    19.9213244736  0.0000000000  1.0000000000
     3.7010000000     0.6751124666    19.8307421617  0.0000000000  1.0000000000
     3.6810000000     0.6703324409    19.7400607683  0.0000000000  1.0000000000
     3.6610000000     0.6655612787    19.6492797905  0.0000000000  1.0000000000
     3.6410000000     0.6607990718    19.5583987198  0.0000000000  0.9984814387
     3.6210000000     0.6560459164    19.4674170968  0.0000000000  0.9915822814
     3.6010000000     0.6513019078    19.3763344276  0.0000000000  0.9846641260
     3.5810000000     0.6465671397    19.2851501561  0.0000000000  0.9777268942
     3.5610000000     0.6418417125    19.1938638298  0.0000000000  0.9707705165
     3.5410000000     0.6371257221    19.1024748785  0.0000000000  0.9637949147
     3.5210000000     0.6324192710    19.0109828346  0.0000000000  0.9568000193
     3.5010000000     0.6277224599    18.9193871678  0.0000000000  0.9497857564
     3.4810000000     0.6230353905    18.8276873396  0.0000000000  0.9427520521
     3.4610000000     0.6183581686    18.7358828580  0.0000000000  0.9356988368
     3.4410000000     0.6136908966    18.6439731404  0.0000000000  0.9286260345
     3.4210000000     0.6090336836    18.5519577049  0.0000000000  0.9215335777
     3.4010000000     0.6043866356    18.4598359784  0.0000000000  0.9144213926
     3.3810000000     0.5997498611    18.3676074061  0.0000000000  0.9072894073
     3.3610000000     0.5951234723    18.2752714781  0.0000000000  0.9001375544
     3.3410000000     0.5905075812    18.1828276474  0.0000000000  0.8929657642
     3.3210000000     0.5859022992    18.0902753299  0.0000000000  0.8857739651
     3.3010000000     0.5813077405    17.9976139588  0.0000000000  0.8785620872
     3.2810000000     0.5767240228    17.9048430106  0.0000000000  0.8713300653
     3.2610000000     0.5721512621    17.8119618976  0.0000000000  0.8640778297
     3.2410000000     0.5675895771    17.7189700479  0.0000000000  0.8568053128
     3.2210000000     0.5630390873    17.6258668789  0.0000000000  0.8495124472
     3.2010000000     0.5584999145    17.5326518237  0.0000000000  0.8421991674
     3.1810000000     0.5539721817    17.4393243041  0.0000000000  0.8348654080
     3.1610000000     0.5494560117    17.3458837038  0.0000000000  0.8275111015
     3.1410000000     0.5449515320    17.2523294750  0.0000000000  0.8201361866
     3.1210000000     0.5404588675    17.1586609781  0.0000000000  0.8127405959
     3.1010000000     0.5359781478    17.0648776421  0.0000000000  0.8053242682
     3.0810000000     0.5315095011    16.9709788305  0.0000000000  0.7978871380
     3.0610000000     0.5270530605    16.8769639751  0.0000000000  0.7904291463
     3.0410000000     0.5226089575    16.7828324423  0.0000000000  0.7829502297
     3.0210000000     0.5181773246    16.6885835869  0.0000000000  0.7754503249
     3.0010000000     0.5137582992    16.5942168314  0.0000000000  0.7679293750
     2.9810000000     0.5093520159    16.4997315070  0.0000000000  0.7603873167
     2.9610000000     0.5049586142    16.4051270126  0.0000000000  0.7528240930
     2.9410000000     0.5005782331    16.3104027093  0.0000000000  0.7452396448
     2.9210000000     0.4962110118    16.2155579205  0.0000000000  0.7376339108
     2.9010000000     0.4918570939    16.1205920375  0.0000000000  0.7300068363
     2.8810000000     0.4875166229    16.0255044148  0.0000000000  0.7223583643
     2.8610000000     0.4831897420    15.9302943700  0.0000000000  0.7146884356
     2.8410000000     0.4788765969    15.8349612373  0.0000000000  0.7069969934
     2.8210000000     0.4745773364    15.7395043935  0.0000000000  0.6992839848
     2.8010000000     0.4702921070    15.6439231283  0.0000000000  0.6915493507
     2.7810000000     0.4660210585    15.5482167755  0.0000000000  0.6837930363
     2.7610000000     0.4617643417    15.4523846611  0.0000000000  0.6760149868
     2.7410000000     0.4575221086    15.3564261047  0.0000000000  0.6682151472
     2.7210000000     0.4532945120    15.2603404200  0.0000000000  0.6603934628
     2.7010000000     0.4490817047    15.1641268900  0.0000000000  0.6525498764
     2.6810000000     0.4448838418    15.0677848201  0.0000000000  0.6446843333
     2.6610000000     0.4407010805    14.9713135394  0.0000000000  0.6367967807
     2.6410000000     0.4365335756    14.8747122983  0.0000000000  0.6288871595
     2.6210000000     0.4323814853    14.7779803997  0.0000000000  0.6209554149
     2.6010000000     0.4282449680    14.6811171229  0.0000000000  0.6130014898
     2.5810000000     0.4241241816    14.5841217258  0.0000000000  0.6050253253
     2.5610000000     0.4200192856    14.4869934727  0.0000000000  0.5970268621
     2.5410000000     0.4159304414    14.3897316620  0.0000000000  0.5890060433
     2.5210000000     0.4118578096    14.2923355517  0.0000000000  0.5809628078
     2.5010000000     0.4078015486    14.1948043370  0.0000000000  0.5728970880
     2.4810000000     0.4037618213    14.0971373062  0.0000000000  0.5648088227
     2.4610000000     0.3997387885    13.9993336911  0.0000000000  0.5566979444
     2.4410000000     0.3957326124    13.9013927467  0.0000000000  0.5485643855
     2.4210000000     0.3917434523    13.8033136532  0.0000000000  0.5404080701
     2.4010000000     0.3877714707    13.7050956732  0.0000000000  0.5322289265
     2.3810000000     0.3838168277    13.6067380033  0.0000000000  0.5240268744
     2.3610000000     0.3798796845    13.5082398807  0.0000000000  0.5158018336
     2.3410000000     0.3759601988    13.4096004620  0.0000000000  0.5075537135
     2.3210000000     0.3720585297    13.3108189555  0.0000000000  0.4992824233
     2.3010000000     0.3681748362    13.2118945768  0.0000000000  0.4909878680
     2.2810000000     0.3643092745    13.1128265051  0.0000000000  0.4826699442
     2.2610000000     0.3604619980    13.0136138660  0.0000000000  0.4743285380
     2.2410000000     0.3566331627    12.9142558897  0.0000000000  0.4659635375
     2.2210000000     0.3528229191    12.8147517068  0.0000000000  0.4575748151
     2.2010000000     0.3490314166    12.7151004577  0.0000000000  0.4491622357
     2.1810000000     0.3452588040    12.6153013281  0.0000000000  0.4407256590
     2.1610000000     0.3415052244    12.5153534098  0.0000000000  0.4322649267
     2.1410000000     0.3377708201    12.4152558382  0.0000000000  0.4237798732
     2.1210000000     0.3340557304    12.3150077546  0.0000000000  0.4152703212
     2.1010000000     0.3303600897    12.2146082463  0.0000000000  0.4067360754
     2.0810000000     0.3266840291    12.1140564116  0.0000000000  0.3981769271
     2.0610000000     0.3230276758    12.0133513514  0.0000000000  0.3895926515
     2.0410000000     0.3193911517    11.9124921379  0.0000000000  0.3809830037
     2.0210000000     0.3157745745    11.8114778589  0.0000000000  0.3723477211
     2.0010000000     0.3121780545    11.7103075406  0.0000000000  0.3636865145
     1.9810000000     0.3086016970    11.6089802326  0.0000000000  0.3549990738
     1.9610000000     0.3050456010    11.5074949837  0.0000000000  0.3462850635
     1.9410000000     0.3015098573    11.4058507958  0.0000000000  0.3375441163
     1.9210000000     0.2979945502    11.3040467034  0.0000000000  0.3287758376
     1.9010000000     0.2944997532    11.2020816593  0.0000000000  0.3199797928
     1.8810000000     0.2910255326    11.0999546684  0.0000000000  0.3111555155
     1.8610000000     0.2875719428    10.9976646563  0.0000000000  0.3023024929
     1.8410000000     0.2841390291    10.8952105978  0.0000000000  0.2934201731
     1.8210000000     0.2807268233    10.7925913937  0.0000000000  0.2845079507
     1.8010000000     0.2773353458    10.6898059716  0.0000000000  0.2755651702
     1.7810000000     0.2739646008    10.5868531735  0.0000000000  0.2665911123
     1.7610000000     0.2706145796    10.4837318917  0.0000000000  0.2575849991
     1.7410000000     0.2672852558    10.3804409575  0.0000000000  0.2485459794
     1.7210000000     0.2639765847    10.2769791698  0.0000000000  0.2394731234
     1.7010000000     0.2606885030    10.1733453215  0.0000000000  0.2303654184
     1.6810000000     0.2574209252    10.0695381625  0.0000000000  0.2212217564
     1.6610000000     0.2541737430     9.9655564218  0.0000000000  0.2120409273
     1.6410000000     0.2509468221     9.8613987716  0.0000000000  0.2028216048
     1.6210000000     0.2477400010     9.7570638762  0.0000000000  0.1935623392
     1.6010000000     0.2445530865     9.6525503278  0.0000000000  0.1842615382
     1.5810000000     0.2413858534     9.5478567201  0.0000000000  0.1749174590
     1.5610000000     0.2382380376     9.4429815423  0.0000000000  0.1655281811
     1.5410000000     0.2351093360     9.3379233015  0.0000000000  0.1560915987
     1.5210000000     0.2319993979     9.2326803681  0.0000000000  0.1466053841
     1.5010000000     0.2289078239     9.1272511167  0.0000000000  0.1370669755
     1.4810000000     0.2258341578     9.0216338275  0.0000000000  0.1274735390
     1.4610000000     0.2227778804     8.9158267087  0.0000000000  0.1178219366
     1.4410000000     0.2197384023     8.8098278983  0.0000000000  0.1081086876
     1.4210000000     0.2167150535     8.7036354218  0.0000000000  0.0983299186
     1.4010000000     0.2137070744     8.5972472264  0.0000000000  0.0884813133
     1.3810000000     0.2107136020     8.4906611386  0.0000000000  0.0785580445
     1.3610000000     0.2077336556     8.3838748606  0.0000000000  0.0685546984
     1.3410000000     0.2047661184     8.2768859589  0.0000000000  0.0584651830
     1.3210000000     0.2018097168     8.1696918613  0.0000000000  0.0482826177
     1.3010000000     0.1988629923     8.0622897949  0.0000000000  0.0379991950
     1.2810000000     0.1959242707     7.9546768116  0.0000000000  0.0276060181
     1.2610000000     0.1929916200     7.8468497085  0.0000000000  0.0170928905
     1.2410000000     0.1900628014     7.7388050476  0.0000000000  0.0064480625
     1.2210000000     0.1871352354     7.6305391003  0.0000000000  0.0000000000
     1.2010000000     0.1842072525     7.5220478015  0.0000000000  0.0000000000
     1.1810000000     0.1812787085     7.4133269034  0.0000000000  0.0000000000
     1.1610000000     0.1783495668     7.3043719968  0.0000000000  0.0000000000
     1.1410000000     0.1754197895     7.1951785082  0.0000000000  0.0000000000
     1.1210000000     0.1724893363     7.0857416906  0.0000000000  0.0000000000
     1.1010000000     0.1695581650     6.9760566142  0.0000000000  0.0000000000
     1.0810000000     0.1666262312     6.8661181552  0.0000000000  0.0000000000
     1.0610000000     0.1636934881     6.7559209848  0.0000000000  0.0000000000
     1.0410000000     0.1607598865     6.6454595566  0.0000000000  0.0000000000
     1.0210000000     0.1578253742     6.5347280938  0.0000000000  0.0000000000
     1.0010000000     0.1548898965     6.4237205739  0.0000000000  0.0000000000
