   1.0009999999999999     
  2.00000000000000004E-002         501
   0.2812361473   0.0000000000   0.0000000000
   0.2811162102   0.0000000000   0.0000000000
   0.2809961165   0.0000000000   0.0000000000
   0.2808758661   0.0000000000   0.0000000000
   0.2807554581   0.0000000000   0.0000000000
   0.2806348926   0.0000000000   0.0000000000
   0.2805141686   0.0000000000   0.0000000000
   0.2803932857   0.0000000000   0.0000000000
   0.2802722437   0.0000000000   0.0000000000
   0.2801510419   0.0000000000   0.0000000000
   0.2800296800   0.0000000000   0.0000000000
   0.2799081573   0.0000000000   0.0000000000
   0.2797864733   0.0000000000   0.0000000000
   0.2796646277   0.0000000000   0.0000000000
   0.2795426200   0.0000000000   0.0000000000
   0.2794204496   0.0000000000   0.0000000000
   0.2792981159   0.0000000000   0.0000000000
   0.2791756187   0.0000000000   0.0000000000
   0.2790529573   0.0000000000   0.0000000000
   0.2789301312   0.0000000000   0.0000000000
   0.2788071400   0.0000000000   0.0000000000
   0.2786839831   0.0000000000   0.0000000000
   0.2785606600   0.0000000000   0.0000000000
   0.2784371702   0.0000000000   0.0000000000
   0.2783135131   0.0000000000   0.0000000000
   0.2781896884   0.0000000000   0.0000000000
   0.2780656954   0.0000000000   0.0000000000
   0.2779415337   0.0000000000   0.0000000000
   0.2778172026   0.0000000000   0.0000000000
   0.2776927017   0.0000000000   0.0000000000
   0.2775680306   0.0000000000   0.0000000000
   0.2774431885   0.0000000000   0.0000000000
   0.2773181749   0.0000000000   0.0000000000
   0.2771929895   0.0000000000   0.0000000000
   0.2770676315   0.0000000000   0.0000000000
   0.2769421006   0.0000000000   0.0000000000
   0.2768163960   0.0000000000   0.0000000000
   0.2766905173   0.0000000000   0.0000000000
   0.2765644639   0.0000000000   0.0000000000
   0.2764382353   0.0000000000   0.0000000000
   0.2763118310   0.0000000000   0.0000000000
   0.2761852503   0.0000000000   0.0000000000
   0.2760584928   0.0000000000   0.0000000000
   0.2759315577   0.0000000000   0.0000000000
   0.2758044445   0.0000000000   0.0000000000
   0.2756771529   0.0000000000   0.0000000000
   0.2755496821   0.0000000000   0.0000000000
   0.2754220315   0.0000000000   0.0000000000
   0.2752942006   0.0000000000   0.0000000000
   0.2751661887   0.0000000000   0.0000000000
   0.2750379955   0.0000000000   0.0000000000
   0.2749096203   0.0000000000   0.0000000000
   0.2747810623   0.0000000000   0.0000000000
   0.2746523210   0.0000000000   0.0000000000
   0.2745233960   0.0000000000   0.0000000000
   0.2743942865   0.0000000000   0.0000000000
   0.2742649919   0.0000000000   0.0000000000
   0.2741355118   0.0000000000   0.0000000000
   0.2740058455   0.0000000000   0.0000000000
   0.2738759921   0.0000000000   0.0000000000
   0.2737459515   0.0000000000   0.0000000000
   0.2736157226   0.0000000000   0.0000000000
   0.2734853053   0.0000000000   0.0000000000
   0.2733546984   0.0000000000   0.0000000000
   0.2732239017   0.0000000000   0.0000000000
   0.2730929144   0.0000000000   0.0000000000
   0.2729617361   0.0000000000   0.0000000000
   0.2728303657   0.0000000000   0.0000000000
   0.2726988029   0.0000000000   0.0000000000
   0.2725670472   0.0000000000   0.0000000000
   0.2724350975   0.0000000000   0.0000000000
   0.2723029536   0.0000000000   0.0000000000
   0.2721706146   0.0000000000   0.0000000000
   0.2720380798   0.0000000000   0.0000000000
   0.2719053488   0.0000000000   0.0000000000
   0.2717724208   0.0000000000   0.0000000000
   0.2716392950   0.0000000000   0.0000000000
   0.2715059710   0.0000000000   0.0000000000
   0.2713724480   0.0000000000   0.0000000000
   0.2712387252   0.0000000000   0.0000000000
   0.2711048021   0.0000000000   0.0000000000
   0.2709706781   0.0000000000   0.0000000000
   0.2708363522   0.0000000000   0.0000000000
   0.2707018240   0.0000000000   0.0000000000
   0.2705670927   0.0000000000   0.0000000000
   0.2704321576   0.0000000000   0.0000000000
   0.2702970181   0.0000000000   0.0000000000
   0.2701616734   0.0000000000   0.0000000000
   0.2700261228   0.0000000000   0.0000000000
   0.2698903656   0.0000000000   0.0000000000
   0.2697544011   0.0000000000   0.0000000000
   0.2696182286   0.0000000000   0.0000000000
   0.2694818474   0.0000000000   0.0000000000
   0.2693452567   0.0000000000   0.0000000000
   0.2692084559   0.0000000000   0.0000000000
   0.2690714442   0.0000000000   0.0000000000
   0.2689342207   0.0000000000   0.0000000000
   0.2687967849   0.0000000000   0.0000000000
   0.2686591360   0.0000000000   0.0000000000
   0.2685212733   0.0000000000   0.0000000000
   0.2683831959   0.0000000000   0.0000000000
   0.2682449031   0.0000000000   0.0000000000
   0.2681063943   0.0000000000   0.0000000000
   0.2679676685   0.0000000000   0.0000000000
   0.2678287252   0.0000000000   0.0000000000
   0.2676895634   0.0000000000   0.0000000000
   0.2675501824   0.0000000000   0.0000000000
   0.2674105814   0.0000000000   0.0000000000
   0.2672707596   0.0000000000   0.0000000000
   0.2671307164   0.0000000000   0.0000000000
   0.2669904509   0.0000000000   0.0000000000
   0.2668499621   0.0000000000   0.0000000000
   0.2667092496   0.0000000000   0.0000000000
   0.2665683123   0.0000000000   0.0000000000
   0.2664271494   0.0000000000   0.0000000000
   0.2662857604   0.0000000000   0.0000000000
   0.2661441441   0.0000000000   0.0000000000
   0.2660022998   0.0000000000   0.0000000000
   0.2658602268   0.0000000000   0.0000000000
   0.2657179241   0.0000000000   0.0000000000
   0.2655753911   0.0000000000   0.0000000000
   0.2654326267   0.0000000000   0.0000000000
   0.2652896302   0.0000000000   0.0000000000
   0.2651464007   0.0000000000   0.0000000000
   0.2650029374   0.0000000000   0.0000000000
   0.2648592394   0.0000000000   0.0000000000
   0.2647153060   0.0000000000   0.0000000000
   0.2645711361   0.0000000000   0.0000000000
   0.2644267290   0.0000000000   0.0000000000
   0.2642820837   0.0000000000   0.0000000000
   0.2641371994   0.0000000000   0.0000000000
   0.2639920752   0.0000000000   0.0000000000
   0.2638467102   0.0000000000   0.0000000000
   0.2637011035   0.0000000000   0.0000000000
   0.2635552542   0.0000000000   0.0000000000
   0.2634091615   0.0000000000   0.0000000000
   0.2632628244   0.0000000000   0.0000000000
   0.2631162420   0.0000000000   0.0000000000
   0.2629694134   0.0000000000   0.0000000000
   0.2628223376   0.0000000000   0.0000000000
   0.2626750138   0.0000000000   0.0000000000
   0.2625274409   0.0000000000   0.0000000000
   0.2623796181   0.0000000000   0.0000000000
   0.2622315445   0.0000000000   0.0000000000
   0.2620832190   0.0000000000   0.0000000000
   0.2619346408   0.0000000000   0.0000000000
   0.2617858088   0.0000000000   0.0000000000
   0.2616367221   0.0000000000   0.0000000000
   0.2614873796   0.0000000000   0.0000000000
   0.2613377806   0.0000000000   0.0000000000
   0.2611879240   0.0000000000   0.0000000000
   0.2610378088   0.0000000000   0.0000000000
   0.2608874339   0.0000000000   0.0000000000
   0.2607367985   0.0000000000   0.0000000000
   0.2605859014   0.0000000000   0.0000000000
   0.2604347417   0.0000000000   0.0000000000
   0.2602833184   0.0000000000   0.0000000000
   0.2601316305   0.0000000000   0.0000000000
   0.2599796769   0.0000000000   0.0000000000
   0.2598274567   0.0000000000   0.0000000000
   0.2596749686   0.0000000000   0.0000000000
   0.2595222117   0.0000000000   0.0000000000
   0.2593691852   0.0000000000   0.0000000000
   0.2592158877   0.0000000000   0.0000000000
   0.2590623183   0.0000000000   0.0000000000
   0.2589084758   0.0000000000   0.0000000000
   0.2587543593   0.0000000000   0.0000000000
   0.2585999676   0.0000000000   0.0000000000
   0.2584452997   0.0000000000   0.0000000000
   0.2582903544   0.0000000000   0.0000000000
   0.2581351308   0.0000000000   0.0000000000
   0.2579796276   0.0000000000   0.0000000000
   0.2578238438   0.0000000000   0.0000000000
   0.2576677783   0.0000000000   0.0000000000
   0.2575114298   0.0000000000   0.0000000000
   0.2573547973   0.0000000000   0.0000000000
   0.2571978797   0.0000000000   0.0000000000
   0.2570406759   0.0000000000   0.0000000000
   0.2568831847   0.0000000000   0.0000000000
   0.2567254048   0.0000000000   0.0000000000
   0.2565673352   0.0000000000   0.0000000000
   0.2564089747   0.0000000000   0.0000000000
   0.2562503221   0.0000000000   0.0000000000
   0.2560913763   0.0000000000   0.0000000000
   0.2559321359   0.0000000000   0.0000000000
   0.2557726001   0.0000000000   0.0000000000
   0.2556127672   0.0000000000   0.0000000000
   0.2554526364   0.0000000000   0.0000000000
   0.2552922063   0.0000000000   0.0000000000
   0.2551314757   0.0000000000   0.0000000000
   0.2549704434   0.0000000000   0.0000000000
   0.2548091081   0.0000000000   0.0000000000
   0.2546474687   0.0000000000   0.0000000000
   0.2544855237   0.0000000000   0.0000000000
   0.2543232721   0.0000000000   0.0000000000
   0.2541607125   0.0000000000   0.0000000000
   0.2539978436   0.0000000000   0.0000000000
   0.2538346642   0.0000000000   0.0000000000
   0.2536711730   0.0000000000   0.0000000000
   0.2535073687   0.0000000000   0.0000000000
   0.2533432499   0.0000000000   0.0000000000
   0.2531788154   0.0000000000   0.0000000000
   0.2530140639   0.0000000000   0.0000000000
   0.2528489940   0.0000000000   0.0000000000
   0.2526836044   0.0000000000   0.0000000000
   0.2525178938   0.0000000000   0.0000000000
   0.2523518607   0.0000000000   0.0000000000
   0.2521855040   0.0000000000   0.0000000000
   0.2520188220   0.0000000000   0.0000000000
   0.2518518137   0.0000000000   0.0000000000
   0.2516844774   0.0000000000   0.0000000000
   0.2515168119   0.0000000000   0.0000000000
   0.2513488157   0.0000000000   0.0000000000
   0.2511804874   0.0000000000   0.0000000000
   0.2510118257   0.0000000000   0.0000000000
   0.2508428291   0.0000000000   0.0000000000
   0.2506734961   0.0000000000   0.0000000000
   0.2505038254   0.0000000000   0.0000000000
   0.2503338154   0.0000000000   0.0000000000
   0.2501634647   0.0000000000   0.0000000000
   0.2499927720   0.0000000000   0.0000000000
   0.2498217356   0.0000000000   0.0000000000
   0.2496503542   0.0000000000   0.0000000000
   0.2494786261   0.0000000000   0.0000000000
   0.2493065500   0.0000000000   0.0000000000
   0.2491341243   0.0000000000   0.0000000000
   0.2489613474   0.0000000000   0.0000000000
   0.2487882179   0.0000000000   0.0000000000
   0.2486147343   0.0000000000   0.0000000000
   0.2484408950   0.0000000000   0.0000000000
   0.2482666984   0.0000000000   0.0000000000
   0.2480921429   0.0000000000   0.0000000000
   0.2479172271   0.0000000000   0.0000000000
   0.2477419494   0.0000000000   0.0000000000
   0.2475663080   0.0000000000   0.0000000000
   0.2473903014   0.0000000000   0.0000000000
   0.2472139282   0.0000000000   0.0000000000
   0.2470371864   0.0000000000   0.0000000000
   0.2468600747   0.0000000000   0.0000000000
   0.2466825913   0.0000000000   0.0000000000
   0.2465047347   0.0000000000   0.0000000000
   0.2463265031   0.0000000000   0.0000000000
   0.2461478948   0.0000000000   0.0000000000
   0.2459689083   0.0000000000   0.0000000000
   0.2457895417   0.0000000000   0.0000000000
   0.2456097935   0.0000000000   0.0000000000
   0.2454296620   0.0000000000   0.0000000000
   0.2452491453   0.0000000000   0.0000000000
   0.2450682418   0.0000000000   0.0000000000
   0.2448869497   0.0000000000   0.0000000000
   0.2447052673   0.0000000000   0.0000000000
   0.2445231929   0.0000000000   0.0000000000
   0.2443407247   0.0000000000   0.0000000000
   0.2441578608   0.0000000000   0.0000000000
   0.2439745997   0.0000000000   0.0000000000
   0.2437909393   0.0000000000   0.0000000000
   0.2436068779   0.0000000000   0.0000000000
   0.2434224137   0.0000000000   0.0000000000
   0.2432375449   0.0000000000   0.0000000000
   0.2430522697   0.0000000000   0.0000000000
   0.2428665861   0.0000000000   0.0000000000
   0.2426804924   0.0000000000   0.0000000000
   0.2424939866   0.0000000000   0.0000000000
   0.2423070669   0.0000000000   0.0000000000
   0.2421197314   0.0000000000   0.0000000000
   0.2419319782   0.0000000000   0.0000000000
   0.2417438054   0.0000000000   0.0000000000
   0.2415552111   0.0000000000   0.0000000000
   0.2413661932   0.0000000000   0.0000000000
   0.2411767500   0.0000000000   0.0000000000
   0.2409868794   0.0000000000   0.0000000000
   0.2407965793   0.0000000000   0.0000000000
   0.2406058480   0.0000000000   0.0000000000
   0.2404146835   0.0000000000   0.0000000000
   0.2402230836   0.0000000000   0.0000000000
   0.2400310464   0.0000000000   0.0000000000
   0.2398385699   0.0000000000   0.0000000000
   0.2396456520   0.0000000000   0.0000000000
   0.2394522907   0.0000000000   0.0000000000
   0.2392584839   0.0000000000   0.0000000000
   0.2390642296   0.0000000000   0.0000000000
   0.2388695257   0.0000000000   0.0000000000
   0.2386743702   0.0000000000   0.0000000000
   0.2384787608   0.0000000000   0.0000000000
   0.2382826955   0.0000000000   0.0000000000
   0.2380861723   0.0000000000   0.0000000000
   0.2378891888   0.0000000000   0.0000000000
   0.2376917431   0.0000000000   0.0000000000
   0.2374938330   0.0000000000   0.0000000000
   0.2372954562   0.0000000000   0.0000000000
   0.2370966106   0.0000000000   0.0000000000
   0.2368972941   0.0000000000   0.0000000000
   0.2366975044   0.0000000000   0.0000000000
   0.2364972393   0.0000000000   0.0000000000
   0.2362964966   0.0000000000   0.0000000000
   0.2360952741   0.0000000000   0.0000000000
   0.2358935694   0.0000000000   0.0000000000
   0.2356913805   0.0000000000   0.0000000000
   0.2354887049   0.0000000000   0.0000000000
   0.2352855405   0.0000000000   0.0000000000
   0.2350818848   0.0000000000   0.0000000000
   0.2348777358   0.0000000000   0.0000000000
   0.2346730910   0.0000000000   0.0000000000
   0.2344679481   0.0000000000   0.0000000000
   0.2342623047   0.0000000000   0.0000000000
   0.2340561586   0.0000000000   0.0000000000
   0.2338495073   0.0000000000   0.0000000000
   0.2336423485   0.0000000000   0.0000000000
   0.2334346800   0.0000000000   0.0000000000
   0.2332264992   0.0000000000   0.0000000000
   0.2330178036   0.0000000000   0.0000000000
   0.2328085912   0.0000000000   0.0000000000
   0.2325988591   0.0000000000   0.0000000000
   0.2323886053   0.0000000000   0.0000000000
   0.2321778272   0.0000000000   0.0000000000
   0.2319665222   0.0000000000   0.0000000000
   0.2317546880   0.0000000000   0.0000000000
   0.2315423222   0.0000000000   0.0000000000
   0.2313294222   0.0000000000   0.0000000000
   0.2311159856   0.0000000000   0.0000000000
   0.2309020097   0.0000000000   0.0000000000
   0.2306874922   0.0000000000   0.0000000000
   0.2304724306   0.0000000000   0.0000000000
   0.2302568224   0.0000000000   0.0000000000
   0.2300406649   0.0000000000   0.0000000000
   0.2298239556   0.0000000000   0.0000000000
   0.2296066921   0.0000000000   0.0000000000
   0.2293888717   0.0000000000   0.0000000000
   0.2291704918   0.0000000000   0.0000000000
   0.2289515500   0.0000000000   0.0000000000
   0.2287320436   0.0000000000   0.0000000000
   0.2285119701   0.0000000000   0.0000000000
   0.2282913267   0.0000000000   0.0000000000
   0.2280701111   0.0000000000   0.0000000000
   0.2278483204   0.0000000000   0.0000000000
   0.2276259522   0.0000000000   0.0000000000
   0.2274030038   0.0000000000   0.0000000000
   0.2271794725   0.0000000000   0.0000000000
   0.2269553558   0.0000000000   0.0000000000
   0.2267306509   0.0000000000   0.0000000000
   0.2265053553   0.0000000000   0.0000000000
   0.2262794662   0.0000000000   0.0000000000
   0.2260529811   0.0000000000   0.0000000000
   0.2258258973   0.0000000000   0.0000000000
   0.2255982121   0.0000000000   0.0000000000
   0.2253699228   0.0000000000   0.0000000000
   0.2251410267   0.0000000000   0.0000000000
   0.2249115213   0.0000000000   0.0000000000
   0.2246814038   0.0000000000   0.0000000000
   0.2244506715   0.0000000000   0.0000000000
   0.2242193218   0.0000000000   0.0000000000
   0.2239873519   0.0000000000   0.0000000000
   0.2237547593   0.0000000000   0.0000000000
   0.2235215410   0.0000000000   0.0000000000
   0.2232876946   0.0000000000   0.0000000000
   0.2230532174   0.0000000000   0.0000000000
   0.2228181066   0.0000000000   0.0000000000
   0.2225823595   0.0000000000   0.0000000000
   0.2223459734   0.0000000000   0.0000000000
   0.2221089459   0.0000000000   0.0000000000
   0.2218712739   0.0000000000   0.0000000000
   0.2216329550   0.0000000000   0.0000000000
   0.2213939865   0.0000000000   0.0000000000
   0.2211543657   0.0000000000   0.0000000000
   0.2209140899   0.0000000000   0.0000000000
   0.2206731564   0.0000000000   0.0000000000
   0.2204315627   0.0000000000   0.0000000000
   0.2201893060   0.0000000000   0.0000000000
   0.2199463837   0.0000000000   0.0000000000
   0.2197027933   0.0000000000   0.0000000000
   0.2194585320   0.0000000000   0.0000000000
   0.2192135972   0.0000000000   0.0000000000
   0.2189679865   0.0000000000   0.0000000000
   0.2187216969   0.0000000000   0.0000000000
   0.2184747262   0.0000000000   0.0000000000
   0.2182270717   0.0000000000   0.0000000000
   0.2179787307   0.0000000000   0.0000000000
   0.2177297009   0.0000000000   0.0000000000
   0.2174799794   0.0000000000   0.0000000000
   0.2172295641   0.0000000000   0.0000000000
   0.2169784522   0.0000000000   0.0000000000
   0.2167266412   0.0000000000   0.0000000000
   0.2164741287   0.0000000000   0.0000000000
   0.2162209123   0.0000000000   0.0000000000
   0.2159669894   0.0000000000   0.0000000000
   0.2157123577   0.0000000000   0.0000000000
   0.2154570146   0.0000000000   0.0000000000
   0.2152009579   0.0000000000   0.0000000000
   0.2149441851   0.0000000000   0.0000000000
   0.2146866939   0.0000000000   0.0000000000
   0.2144284819   0.0000000000   0.0000000000
   0.2141695468   0.0000000000   0.0000000000
   0.2139098862   0.0000000000   0.0000000000
   0.2136494980   0.0000000000   0.0000000000
   0.2133883799   0.0000000000   0.0000000000
   0.2131265295   0.0000000000   0.0000000000
   0.2128639447   0.0000000000   0.0000000000
   0.2126006233   0.0000000000   0.0000000000
   0.2123365631   0.0000000000   0.0000000000
   0.2120717618   0.0000000000   0.0000000000
   0.2118062176   0.0000000000   0.0000000000
   0.2115399280   0.0000000000   0.0000000000
   0.2112728911   0.0000000000   0.0000000000
   0.2110051049   0.0000000000   0.0000000000
   0.2107365671   0.0000000000   0.0000000000
   0.2104672759   0.0000000000   0.0000000000
   0.2101972291   0.0000000000   0.0000000000
   0.2099264248   0.0000000000   0.0000000000
   0.2096548609   0.0000000000   0.0000000000
   0.2093825356   0.0000000000   0.0000000000
   0.2091094467   0.0000000000   0.0000000000
   0.2088355923   0.0000000000   0.0000000000
   0.2085609705   0.0000000000   0.0000000000
   0.2082855794   0.0000000000   0.0000000000
   0.2080094170   0.0000000000   0.0000000000
   0.2077324813   0.0000000000   0.0000000000
   0.2074547704   0.0000000000   0.0000000000
   0.2071762824   0.0000000000   0.0000000000
   0.2068970152   0.0000000000   0.0000000000
   0.2066169668   0.0000000000   0.0000000000
   0.2063361354   0.0000000000   0.0000000000
   0.2060545187   0.0000000000   0.0000000000
   0.2057721147   0.0000000000   0.0000000000
   0.2054889215   0.0000000000   0.0000000000
   0.2052049367   0.0000000000   0.0000000000
   0.2049201581   0.0000000000   0.0000000000
   0.2046345834   0.0000000000   0.0000000000
   0.2043482104   0.0000000000   0.0000000000
   0.2040610365   0.0000000000   0.0000000000
   0.2037730592   0.0000000000   0.0000000000
   0.2034842759   0.0000000000   0.0000000000
   0.2031946838   0.0000000000   0.0000000000
   0.2029042799   0.0000000000   0.0000000000
   0.2026130613   0.0000000000   0.0000000000
   0.2023210245   0.0000000000   0.0000000000
   0.2020281663   0.0000000000   0.0000000000
   0.2017344831   0.0000000000   0.0000000000
   0.2014399707   0.0000000000   0.0000000000
   0.2011446253   0.0000000000   0.0000000000
   0.2008484423   0.0000000000   0.0000000000
   0.2005514170   0.0000000000   0.0000000000
   0.2002535445   0.0000000000   0.0000000000
   0.1999548190   0.0000000000   0.0000000000
   0.1996552349   0.0000000000   0.0000000000
   0.1993547857   0.0000000000   0.0000000000
   0.1990534647   0.0000000000   0.0000000000
   0.1987512645   0.0000000000   0.0000000000
   0.1984481771   0.0000000000   0.0000000000
   0.1981441938   0.0000000000   0.0000000000
   0.1978393055   0.0000000000   0.0000000000
   0.1975335018   0.0000000000   0.0000000000
   0.1972267719   0.0000000000   0.0000000000
   0.1969191039   0.0000000000   0.0000000000
   0.1966104849   0.0000000000   0.0000000000
   0.1963009008   0.0000000000   0.0000000000
   0.1959903364   0.0000000000   0.0000000000
   0.1956787752   0.0000000000   0.0000000000
   0.1953661990   0.0000000000   0.0000000000
   0.1950525885   0.0000000000   0.0000000000
   0.1947379221   0.0000000000   0.0000000000
   0.1944221769   0.0000000000   0.0000000000
   0.1941053273   0.0000000000   0.0000000000
   0.1937873460   0.0000000000   0.0000000000
   0.1934682028   0.0000000000   0.0000000000
   0.1931478649   0.0000000000   0.0000000000
   0.1928262966   0.0000000000   0.0000000000
   0.1925034588   0.0000000000   0.0000000000
   0.1921793087   0.0000000000   0.0000000000
   0.1918537995   0.0000000000   0.0000000000
   0.1915268800   0.0000000000   0.0000000000
   0.1911984940   0.0000000000   0.0000000000
   0.1908685800   0.0000000000   0.0000000000
   0.1905370702   0.0000000000   0.0000000000
   0.1902038901   0.0000000000   0.0000000000
   0.1898689577   0.0000000000   0.0000000000
   0.1895321824   0.0000000000   0.0000000000
   0.1891934643   0.0000000000   0.0000000000
   0.1888526924   0.0000000000   0.0000000000
   0.1885097440   0.0000000000   0.0000000000
   0.1881644823   0.0000000000   0.0000000000
   0.1878167548   0.0000000000   0.0000000000
   0.1874663912   0.0000000000   0.0000000000
   0.1871132003   0.0000000000   0.0000000000
   0.1867569669   0.0000000000   0.0000000000
   0.1863974483   0.0000000000   0.0000000000
   0.1860343686   0.0000000000   0.0000000000
   0.1856674138   0.0000000000   0.0000000000
   0.1852962238   0.0000000000   0.0000000000
   0.1849203839   0.0000000000   0.0000000000
   0.1845394168   0.0000000000   0.0000000000
   0.1841529447   0.0000000000   0.0000000000
   0.1837607765   0.0000000000   0.0000000000
   0.1833627268   0.0000000000   0.0000000000
   0.1829586004   0.0000000000   0.0000000000
   0.1825481922   0.0000000000   0.0000000000
   0.1821312864   0.0000000000   0.0000000000
   0.1817076553   0.0000000000   0.0000000000
   0.1812770592   0.0000000000   0.0000000000
   0.1808392446   0.0000000000   0.0000000000
   0.1803939441   0.0000000000   0.0000000000
   0.1799408743   0.0000000000   0.0000000000
