//data
0.488622754491  0.611096010227
1.48502994012  0.532164435175
2.49101796407  0.453230168876
3.4874251497  0.381040166857
4.49341317365  0.374016012918
5.48982035928  0.335533876068
6.98443113772  0.35309156967
//bar
0.488622754491  0.669522976519
0.488622754491  0.552669043935
1.48502994012  0.568119491354
1.49461077844  0.500701069771
2.49101796407  0.484690843033
2.49101796407  0.419522303707
3.4874251497  0.416995223037
3.4874251497  0.3495794927
4.50299401198  0.421204332907
4.49341317365  0.32233061966
5.50898203593  0.387213886833
5.4994011976  0.281598600552
6.98443113772  0.431743255063
6.99401197605  0.278931575052
//box
0.479041916168  0.685256004844
0.488622754491  0.534691515845
1.48502994012  0.595085783489
1.49461077844  0.469240395613
2.49101796407  0.509409944157
2.48143712575  0.397053084842
3.49700598802  0.425981295835
3.4874251497  0.336096346633
4.50299401198  0.418957141896
4.49341317365  0.320083428648
5.42275449102  0.382743726031
5.42275449102  0.283867321537
6.99401197605  0.391291125614
6.99401197605  0.314886631232
