0.184314418021  0.617053159884
0.224984302645  0.46704081845
0.255435209167  0.353498110503
0.291009339926  0.272573650737
0.34184326191  0.19153937436
0.392608507966  0.12266189715
0.433209716663  0.0846095440771
0.478865473668  0.0541839881654
0.519411741622  0.0346994491642
0.549793972216  0.0239349353117
0.575011773016  0.0153279427967
0.600270779374  0.0103783671935
0.62550231536  0.00677088069232
0.640528608429  0.00450013773594
0.655403814457  0.00243835409827
0.665224472176  0.001423068503


0.179603249352  1.05728859719
0.255998351778  0.756889112339
0.347694450985  0.522085865291
0.475088297622  0.328192787251
0.577072050859  0.248405547419
0.658604112707  0.184556366901
0.765669884624  0.134596032416
0.867612432305  0.0963542705083
0.97970528216  0.0628618411395
1.09685268032  0.0380754602122
1.19868534652  0.023494583038
1.28514834  0.013711872749
1.34606388823  0.00800250227816
1.40688329017  0.00410112707055
1.43207362059  0.00253061341797
1.47238639039  0.00118189976191
