//============ Xu
381.291      0.444637     4.77417  6.5412  0.236486   0.432415
329.405      0.438166     4.57583  6.07987  0.255621   0.426348
282.735      0.432116     4.39085  5.63273  0.275034   0.427563
240.09      0.426352     4.21335  5.19058  0.295152   0.430029
203.39      0.421157     4.05121  4.77743  0.314783   0.432134
170.895      0.416308     3.89798  4.37919  0.334559   0.433958
142.485      0.41179     3.75276  3.99865  0.354406   0.435943
117.475      0.407476     3.6112  3.6308  0.374647   0.438186
95.75      0.403304     3.47275  3.27792  0.395275   0.441214
76.765      0.399083     3.33318  2.93502  0.416901   0.445828
53.525      0.392344     3.11725  2.4508  0.451461   0.46136
14.2012      0.35221     2.2471  1.26239  0.602158   0.634398

//=============== 
