0.0598361792
0.0740140487
0.0815491499
0.0867932176
0.0908371977
0.0941359346
0.0969249794
0.0993427543
0.1014777381
0.1033900063
0.1051222543
0.1067059312
0.1081648813
0.1095176182
0.1107788069
0.1119602633
0.1130716486
0.1141209636
0.1151149095
0.1160591548
0.1169585377
0.1178172209
0.1186388115
0.1194264562
0.1201829164
0.1209106285
0.1216117533
0.1222882160
0.1229417392
0.1235738704
0.1241860052
0.1247794063
0.1253552199
0.1259144900
0.1264581695
0.1269871312
0.1275021763
0.1280040417
0.1284934074
0.1289709015
0.1294371059
0.1298925604
0.1303377668
0.1307731925
0.1311992732
0.1316164162
0.1320250025
0.1324253891
0.1328179109
0.1332028827
0.1335806007
0.1339513436
0.1343153745
0.1346729418
0.1350242801
0.1353696115
0.1357091462
0.1360430838
0.1363716132
0.1366949143
0.1370131578
0.1373265063
0.1376351145
0.1379391299
0.1382386930
0.1385339382
0.1388249936
0.1391119817
0.1393950198
0.1396742200
0.1399496896
0.1402215316
0.1404898447
0.1407547236
0.1410162591
0.1412745385
0.1415296458
0.1417816615
0.1420306632
0.1422767257
0.1425199209
0.1427603179
0.1429979837
0.1432329826
0.1434653767
0.1436952260
0.1439225884
0.1441475197
0.1443700740
0.1445903036
0.1448082589
0.1450239889
0.1452375408
0.1454489604
0.1456582921
0.1458655788
0.1460708621
0.1462741825
0.1464755790
0.1466750896
0.1468727512
0.1470685995
0.1472626693
0.1474549943
0.1476456073
0.1478345401
0.1480218236
0.1482074880
0.1483915625
0.1485740756
0.1487550550
0.1489345277
0.1491125199
0.1492890572
0.1494641645
0.1496378661
0.1498101856
0.1499811461
0.1501507699
0.1503190791
0.1504860950
0.1506518384
0.1508163297
0.1509795887
0.1511416349
0.1513024870
0.1514621636
0.1516206828
0.1517780621
0.1519343188
0.1520894696
0.1522435312
0.1523965194
0.1525484501
0.1526993386
0.1528492000
0.1529980489
0.1531458998
0.1532927667
0.1534386635
0.1535836035
0.1537276001
0.1538706662
0.1540128144
0.1541540571
0.1542944065
0.1544338745
0.1545724728
0.1547102127
0.1548471056
0.1549831623
0.1551183937
0.1552528103
0.1553864225
0.1555192405
0.1556512741
0.1557825332
0.1559130274
0.1560427661
0.1561717585
0.1563000136
0.1564275405
0.1565543478
0.1566804441
0.1568058378
0.1569305372
0.1570545505
0.1571778855
0.1573005503
0.1574225524
0.1575438994
0.1576645988
0.1577846578
0.1579040838
0.1580228837
0.1581410644
0.1582586329
0.1583755958
0.1584919598
0.1586077313
0.1587229167
0.1588375223
0.1589515543
0.1590650187
0.1591779216
0.1592902689
0.1594020663
0.1595133195
0.1596240342
0.1597342159
0.1598438700
0.1599530020
0.1600616169
0.1601697201
0.1602773167
0.1603844117
0.1604910101
0.1605971167
0.1607027364
0.1608078739
0.1609125339
0.1610167210
0.1611204398
0.1612236946
0.1613264899
0.1614288301
0.1615307194
0.1616321621
0.1617331623
0.1618337241
0.1619338515
0.1620335486
0.1621328193
0.1622316674
0.1623300968
0.1624281113
0.1625257145
0.1626229102
0.1627197019
0.1628160933
0.1629120878
0.1630076889
0.1631029001
0.1631977247
0.1632921662
0.1633862277
0.1634799125
0.1635732239
0.1636661649
0.1637587389
0.1638509487
0.1639427975
0.1640342884
0.1641254241
0.1642162078
0.1643066423
0.1643967304
0.1644864750
0.1645758789
0.1646649448
0.1647536754
0.1648420735
0.1649301417
0.1650178827
0.1651052989
0.1651923930
0.1652791675
0.1653656250
0.1654517678
0.1655375984
0.1656231193
0.1657083328
0.1657932412
0.1658778470
0.1659621524
0.1660461597
0.1661298711
0.1662132888
0.1662964151
0.1663792522
0.1664618021
0.1665440671
0.1666260491
0.1667077503
0.1667891728
0.1668703185
0.1669511895
0.1670317878
0.1671121153
0.1671921739
0.1672719657
0.1673514924
0.1674307560
0.1675097584
0.1675885013
0.1676669866
0.1677452162
0.1678231917
0.1679009149
0.1679783876
0.1680556116
0.1681325884
0.1682093199
0.1682858077
0.1683620534
0.1684380586
0.1685138251
0.1685893544
0.1686646481
0.1687397077
0.1688145349
0.1688891311
0.1689634979
0.1690376368
0.1691115493
0.1691852368
0.1692587009
0.1693319430
0.1694049645
0.1694777669
0.1695503515
0.1696227197
0.1696948730
0.1697668126
0.1698385401
0.1699100566
0.1699813635
0.1700524622
0.1701233538
0.1701940399
0.1702645215
0.1703348000
0.1704048766
0.1704747526
0.1705444292
0.1706139076
0.1706831890
0.1707522747
0.1708211658
0.1708898634
0.1709583688
0.1710266831
0.1710948075
0.1711627430
0.1712304908
0.1712980520
0.1713654277
0.1714326191
0.1714996271
0.1715664529
0.1716330975
0.1716995620
0.1717658474
0.1718319547
0.1718978851
0.1719636394
0.1720292187
0.1720946241
0.1721598564
0.1722249167
0.1722898060
0.1723545252
0.1724190752
0.1724834571
0.1725476717
0.1726117201
0.1726756030
0.1727393215
0.1728028764
0.1728662687
0.1729294992
0.1729925689
0.1730554785
0.1731182290
0.1731808213
0.1732432562
0.1733055345
0.1733676571
0.1734296248
0.1734914385
0.1735530989
0.1736146070
0.1736759635
0.1737371691
0.1737982248
0.1738591313
0.1739198893
0.1739804997
0.1740409632
0.1741012807
0.1741614527
0.1742214802
0.1742813638
0.1743411043
0.1744007025
0.1744601589
0.1745194745
0.1745786499
0.1746376857
0.1746965828
0.1747553418
0.1748139635
0.1748724484
0.1749307973
0.1749890109
0.1750470898
0.1751050348
0.1751628464
0.1752205254
0.1752780724
0.1753354880
0.1753927729
0.1754499277
0.1755069531
0.1755638497
0.1756206181
0.1756772590
0.1757337729
0.1757901605
0.1758464224
0.1759025592
0.1759585714
0.1760144597
0.1760702247
0.1761258670
0.1761813871
0.1762367856
0.1762920631
0.1763472201
0.1764022573
0.1764571751
0.1765119742
0.1765666551
0.1766212183
0.1766756644
0.1767299939
0.1767842074
0.1768383054
0.1768922884
0.1769461570
0.1769999117
0.1770535529
0.1771070813
0.1771604973
0.1772138014
0.1772669942
0.1773200761
0.1773730476
0.1774259093
0.1774786616
0.1775313050
0.1775838400
0.1776362671
0.1776885867
0.1777407994
0.1777929055
0.1778449056
0.1778968002
0.1779485897
0.1780002745
0.1780518551
0.1781033320
0.1781547056
0.1782059763
0.1782571447
0.1783082111
0.1783591760
0.1784100398
0.1784608029
0.1785114659
0.1785620290
0.1786124928
0.1786628576
0.1787131239
0.1787632921
0.1788133626
0.1788633358
0.1789132121
0.1789629919
0.1790126757
0.1790622638
0.1791117566
0.1791611545
0.1792104580
0.1792596673
0.1793087829
0.1793578052
0.1794067346
0.1794555714
0.1795043160
0.1795529688
0.1796015302
0.1796500005
0.1796983801
0.1797466694
0.1797948687
0.1798429784
0.1798909988
0.1799389304
0.1799867734
0.1800345283
0.1800821953
0.1801297749
0.1801772673
0.1802246730
0.1802719921
0.1803192252
0.1803663726
0.1804134344
0.1804604112
0.1805073033
0.1805541109
0.1806008344
0.1806474741
0.1806940303
0.1807405035
0.1807868938
0.1808332016
0.1808794273
0.1809255711
0.1809716334
0.1809716334
0.1814278385
0.1818762205
0.1823170642
0.1827506391
0.1831772000
0.1835969884
0.1840102333
0.1844171519
0.1848179508
0.1852128263
0.1856019651
0.1859855454
0.1863637365
0.1867367006
0.1871045919
0.1874675582
0.1878257406
0.1881792749
0.1885283780
0.1888734354
0.1892148065
0.1895528047
0.1898877052
0.1902197503
0.1905491545
0.1908761087
0.1912007829
0.1915233295
0.1918438847
0.1921625717
0.1924795011
0.1927947729
0.1931084779
0.1934206980
0.1937315080
0.1940409756
0.1943491624
0.1946561248
0.1949619139
0.1952665767
0.1955701557
0.1958726902
0.1961742157
0.1964747649
0.1967743676
0.1970730511
0.1973708403
0.1976677582
0.1979638255
0.1982590614
0.1985534833
0.1988471072
0.1991399475
0.1994320176
0.1997233295
0.2000138944
0.2003037223
0.2005928223
0.2008812027
0.2011688710
0.2014558342
0.2017420984
0.2020276693
0.2023125518
0.2025967506
0.2028802698
0.2031631130
0.2034452837
0.2037267846
0.2040076186
0.2042877880
0.2045672948
0.2048461411
0.2051243282
0.2054018580
0.2056787315
0.2059549498
0.2062305141
0.2065054251
0.2067796837
0.2070532905
0.2073262461
0.2075985510
0.2078702057
0.2081412106
0.2084115660
0.2086812723
0.2089503299
0.2092187387
0.2094864994
0.2097536120
0.2100200770
0.2102858943
0.2105510645
0.2108155877
0.2110794642
0.2113426944
0.2116052785
0.2118672170
0.2121285102
0.2123891584
0.2126491622
0.2129085220
0.2131672382
0.2134253115
0.2136827423
0.2139395314
0.2141956793
0.2144511867
0.2147060542
0.2149602827
0.2152138730
0.2154668258
0.2157191421
0.2159708227
0.2162218685
0.2164722806
0.2167220599
0.2169712076
0.2172197246
0.2174676121
0.2177148712
0.2179615033
0.2182075094
0.2184528908
0.2186976489
0.2189417849
0.2191853002
0.2194281963
0.2196704745
0.2199121363
0.2201531831
0.2203936165
0.2206334379
0.2208726491
0.2211112515
0.2213492467
0.2215866364
0.2218234224
0.2220596061
0.2222951894
0.2225301740
0.2227645615
0.2229983539
0.2232315528
0.2234641602
0.2236961777
0.2239276073
0.2241584508
0.2243887101
0.2246183871
0.2248474836
0.2250760016
0.2253039430
0.2255313098
0.2257581039
0.2259843273
0.2262099819
0.2264350698
0.2266595929
0.2268835533
0.2271069528
0.2273297937
0.2275520779
0.2277738074
0.2279949843
0.2282156106
0.2284356884
0.2286552197
0.2288742066
0.2290926512
0.2293105555
0.2295279216
0.2297447516
0.2299610475
0.2301768114
0.2303920455
0.2306067517
0.2308209322
0.2310345891
0.2312477244
0.2314603402
0.2316724386
0.2318840217
0.2320950916
0.2323056503
0.2325156999
0.2327252424
0.2329342801
0.2331428149
0.2333508488
0.2335583840
0.2337654225
0.2339719665
0.2341780179
0.2343835787
0.2345886510
0.2347932369
0.2349973384
0.2352009576
0.2354040965
0.2356067569
0.2358089411
0.2360106510
0.2362118886
0.2364126560
0.2366129550
0.2368127878
0.2370121562
0.2372110623
0.2374095080
0.2376074953
0.2378050262
0.2380021025
0.2381987263
0.2383948995
0.2385906240
0.2387859017
0.2389807346
0.2391751245
0.2393690734
0.2395625831
0.2397556556
0.2399482927
0.2401404963
0.2403322682
0.2405236104
0.2407145247
0.2409050128
0.2410950766
0.2412847181
0.2414739389
0.2416627409
0.2418511259
0.2420390957
0.2422266521
0.2424137969
0.2426005316
0.2427868584
0.2429727789
0.2431582946
0.2433434076
0.2435281194
0.2437124317
0.2438963464
0.2440798650
0.2442629894
0.2444457211
0.2446280620
0.2448100135
0.2449915776
0.2451727556
0.2453535493
0.2455339605
0.2457139906
0.2458936414
0.2460729144
0.2462518112
0.2464303335
0.2466084828
0.2467862607
0.2469636688
0.2471407087
0.2473173819
0.2474936901
0.2476696346
0.2478452171
0.2480204391
0.2481953021
0.2483698076
0.2485439572
0.2487177522
0.2488911944
0.2490642849
0.2492370255
0.2494094175
0.2495814624
0.2497531617
0.2499245167
0.2500955290
0.2502661999
0.2504365309
0.2506065234
0.2507761788
0.2509454985
0.2511144839
0.2512831363
0.2514514572
0.2516194478
0.2517871097
0.2519544440
0.2521214523
0.2522881358
0.2524544958
0.2526205336
0.2527862506
0.2529516482
0.2531167275
0.2532814900
0.2534459368
0.2536100692
0.2537738887
0.2539373963
0.2541005934
0.2542634813
0.2544260611
0.2545883340
0.2547503016
0.2549119648
0.2550733248
0.2552343830
0.2553951404
0.2555555985
0.2557157583
0.2558756209
0.2560351876
0.2561944596
0.2563534380
0.2565121241
0.2566705190
0.2568286236
0.2569864394
0.2571439674
0.2573012087
0.2574581644
0.2576148356
0.2577712236
0.2579273294
0.2580831540
0.2582386986
0.2583939644
0.2585489523
0.2587036633
0.2588580988
0.2590122595
0.2591661467
0.2593197615
0.2594731047
0.2596261775
0.2597789810
0.2599315160
0.2600837838
0.2602357853
0.2603875215
0.2605389934
0.2606902020
0.2608411484
0.2609918335
0.2611422583
0.2612924239
0.2614423311
0.2615919809
0.2617413744
0.2618905123
0.2620393959
0.2621880260
0.2623364035
0.2624845293
0.2626324046
0.2627800300
0.2629274066
0.2630745353
0.2632214171
0.2633680527
0.2635144432
0.2636605893
0.2638064922
0.2639521526
0.2640975714
0.2642427495
0.2643876877
0.2645323871
0.2646768483
0.2648210724
0.2649650600
0.2651088123
0.2652523299
0.2653956137
0.2655386645
0.2656814832
0.2658240706
0.2659664277
0.2661085550
0.2662504537
0.2663921243
0.2665335677
0.2666747849
0.2668157764
0.2669565432
0.2670970860
0.2672374056
0.2673775029
0.2675173786
0.2676570335
0.2677964683
0.2679356839
0.2680746809
0.2682134603
0.2683520226
0.2684903688
0.2686284994
0.2687664153
0.2689041174
0.2690416061
0.2691788825
0.2693159469
0.2694528004
0.2695894435
0.2697258772
0.2698621018
0.2699981184
0.2701339276
0.2702695300
0.2704049264
0.2705401175
0.2706751040
0.2708098864
0.2709444657
0.2710788424
0.2712130172
0.2713469909
0.2714807640
0.2716143373
0.2717477114
0.2718808870
0.2720138648
0.2721466453
0.2722792294
0.2724116176
0.2725438105
0.2726758089
0.2728076134
0.2729392245
0.2730706431
0.2732018696
0.2733329046
0.2734637491
0.2735944032
0.2737248679
0.2738551437
0.2739852313
0.2741151311
0.2742448439
0.2743743703
0.2745037109
0.2746328662
0.2747618369
0.2748906235
0.2750192266
0.2751476469
0.2752758849
0.2754039412
0.2755318164
0.2756595111
0.2757870258
0.2759143611
0.2760415176
0.2761684959
0.2762952965
0.2764219200
0.2765483668
0.2766746378
0.2768007332
0.2769266538
0.2770524000
0.2771779724
0.2773033716
0.2774285980
0.2775536523
0.2776785349
0.2778032464
0.2779277874
0.2780521583
0.2781763597
0.2783003920
0.2784242560
0.2785479519
0.2786714803
0.2787948420
0.2789180372
0.2790410664
0.2791639303
0.2792866292
0.2794091638
0.2795315345
0.2796537419
0.2797757862
0.2798976682
0.2800193883
0.2801409469
0.2802623446
0.2803835820
0.2805046593
0.2806255771
0.2807463358
0.2808669361
0.2809873784
0.2811076629
0.2812277904
0.2813477613
0.2813477613
0.2819452818
0.2825389549
0.2831288364
0.2837149815
0.2842974436
0.2848762752
0.2854515278
0.2860232516
0.2865914957
0.2871563083
0.2877177367
0.2882758267
0.2888306239
0.2893821724
0.2899305154
0.2904756956
0.2910177547
0.2915567333
0.2920926715
0.2926256084
0.2931555823
0.2936826312
0.2942067917
0.2947281004
0.2952465924
0.2957623028
0.2962752657
0.2967855149
0.2972930828
0.2977980021
0.2983003045
0.2988000210
0.2992971822
0.2997918180
0.3002839581
0.3007736313
0.3012608658
0.3017456899
0.3022281308
0.3027082155
0.3031859704
0.3036614216
0.3041345947
0.3046055146
0.3050742064
0.3055406939
0.3060050014
0.3064671522
0.3069271693
0.3073850756
0.3078408932
0.3082946443
0.3087463505
0.3091960328
0.3096437124
0.3100894097
0.3105331450
0.3109749383
0.3114148093
0.3118527771
0.3122888609
0.3127230792
0.3131554507
0.3135859936
0.3140147255
0.3144416640
0.3148668266
0.3152902303
0.3157118920
0.3161318283
0.3165500555
0.3169665896
0.3173814464
0.3177946418
0.3182061910
0.3186161093
0.3190244115
0.3194311125
0.3198362266
0.3202397685
0.3206417521
0.3210421913
0.3214411000
0.3218384916
0.3222343796
0.3226287769
0.3230216970
0.3234131523
0.3238031556
0.3241917195
0.3245788561
0.3249645778
0.3253488963
0.3257318235
0.3261133713
0.3264935511
0.3268723742
0.3272498519
0.3276259952
0.3280008151
0.3283743226
0.3287465281
0.3291174421
0.3294870751
0.3298554375
0.3302225392
0.3305883904
0.3309530010
0.3313163806
0.3316785388
0.3320394855
0.3323992298
0.3327577809
0.3331151483
0.3334713409
0.3338263676
0.3341802376
0.3345329592
0.3348845414
0.3352349926
0.3355843212
0.3359325357
0.3362796444
0.3366256552
0.3369705764
0.3373144158
0.3376571814
0.3379988810
0.3383395223
0.3386791129
0.3390176602
0.3393551718
0.3396916551
0.3400271173
0.3403615656
0.3406950072
0.3410274490
0.3413588982
0.3416893614
0.3420188457
0.3423473576
0.3426749041
0.3430014913
0.3433271263
0.3436518151
0.3439755643
0.3442983802
0.3446202692
0.3449412372
0.3452612904
0.3455804352
0.3458986772
0.3462160224
0.3465324768
0.3468480463
0.3471627364
0.3474765529
0.3477895016
0.3481015880
0.3484128175
0.3487231957
0.3490327280
0.3493414197
0.3496492762
0.3499563027
0.3502625046
0.3505678867
0.3508724544
0.3511762125
0.3514791664
0.3517813206
0.3520826804
0.3523832504
0.3526830355
0.3529820404
0.3532802702
0.3535777291
0.3538744219
0.3541703532
0.3544655278
0.3547599497
0.3550536238
0.3553465543
0.3556387458
0.3559302024
0.3562209285
0.3565109283
0.3568002062
0.3570887662
0.3573766126
0.3576637494
0.3579501807
0.3582359106
0.3585209430
0.3588052819
0.3590889312
0.3593718948
0.3596541767
0.3599357807
0.3602167105
0.3604969697
0.3607765625
0.3610554921
0.3613337623
0.3616113769
0.3618883394
0.3621646533
0.3624403224
0.3627153499
0.3629897392
0.3632634941
0.3635366178
0.3638091139
0.3640809854
0.3643522359
0.3646228687
0.3648928871
0.3651622941
0.3654310932
0.3656992874
0.3659668801
0.3662338742
0.3665002730
0.3667660796
0.3670312969
0.3672959281
0.3675599760
0.3678234439
0.3680863347
0.3683486511
0.3686103963
0.3688715731
0.3691321843
0.3693922328
0.3696517215
0.3699106533
0.3701690306
0.3704268566
0.3706841338
0.3709408650
0.3711970530
0.3714527003
0.3717078095
0.3719623836
0.3722164249
0.3724699359
0.3727229195
0.3729753781
0.3732273143
0.3734787305
0.3737296294
0.3739800133
0.3742298848
0.3744792462
0.3747281001
0.3749764486
0.3752242944
0.3754716400
0.3757184873
0.3759648389
0.3762106971
0.3764560642
0.3767009424
0.3769453341
0.3771892417
0.3774326671
0.3776756126
0.3779180806
0.3781600731
0.3784015923
0.3786426405
0.3788832197
0.3791233320
0.3793629796
0.3796021645
0.3798408890
0.3800791550
0.3803169646
0.3805543197
0.3807912225
0.3810276750
0.3812636792
0.3814992369
0.3817343502
0.3819690212
0.3822032516
0.3824370434
0.3826703986
0.3829033191
0.3831358065
0.3833678631
0.3835994906
0.3838306907
0.3840614655
0.3842918166
0.3845217460
0.3847512553
0.3849803463
0.3852090210
0.3854372811
0.3856651281
0.3858925641
0.3861195906
0.3863462094
0.3865724223
0.3867982306
0.3870236366
0.3872486415
0.3874732471
0.3876974551
0.3879212669
0.3881446847
0.3883677094
0.3885903432
0.3888125873
0.3890344436
0.3892559136
0.3894769987
0.3896977005
0.3899180207
0.3901379608
0.3903575223
0.3905767066
0.3907955154
0.3910139500
0.3912320121
0.3914497032
0.3916670246
0.3918839777
0.3921005643
0.3923167855
0.3925326428
0.3927481379
0.3929632720
0.3931780463
0.3933924626
0.3936065222
0.3938202263
0.3940335763
0.3942465738
0.3944592199
0.3946715162
0.3948834639
0.3950950643
0.3953063188
0.3955172286
0.3957277951
0.3959380198
0.3961479036
0.3963574480
0.3965666544
0.3967755239
0.3969840578
0.3971922574
0.3974001238
0.3976076586
0.3978148626
0.3980217374
0.3982282839
0.3984345034
0.3986403974
0.3988459668
0.3990512127
0.3992561366
0.3994607396
0.3996650227
0.3998689871
0.4000726341
0.4002759650
0.4004789805
0.4006816818
0.4008840706
0.4010861475
0.4012879137
0.4014893702
0.4016905186
0.4018913595
0.4020918942
0.4022921237
0.4024920493
0.4026916718
0.4028909925
0.4030900121
0.4032887322
0.4034871536
0.4036852772
0.4038831041
0.4040806355
0.4042778724
0.4044748155
0.4046714664
0.4048678256
0.4050638943
0.4052596735
0.4054551642
0.4056503675
0.4058452842
0.4060399155
0.4062342621
0.4064283249
0.4066221055
0.4068156042
0.4070088222
0.4072017603
0.4073944198
0.4075868014
0.4077789060
0.4079707346
0.4081622881
0.4083535675
0.4085445736
0.4087353074
0.4089257697
0.4091159616
0.4093058837
0.4094955372
0.4096849228
0.4098740414
0.4100628940
0.4102514813
0.4104398043
0.4106278638
0.4108156607
0.4110031957
0.4111904699
0.4113774841
0.4115642389
0.4117507356
0.4119369744
0.4121229567
0.4123086832
0.4124941543
0.4126793713
0.4128643349
0.4130490459
0.4132335050
0.4134177131
0.4136016711
0.4137853794
0.4139688393
0.4141520511
0.4143350159
0.4145177346
0.4147002075
0.4148824359
0.4150644200
0.4152461611
0.4154276597
0.4156089165
0.4157899325
0.4159707082
0.4161512444
0.4163315419
0.4165116014
0.4166914236
0.4168710094
0.4170503592
0.4172294741
0.4174083545
0.4175870012
0.4177654152
0.4179435968
0.4181215470
0.4182992663
0.4184767555
0.4186540153
0.4188310463
0.4190078493
0.4191844249
0.4193607739
0.4195368969
0.4197127945
0.4198884676
0.4200639167
0.4202391424
0.4204141455
0.4205889266
0.4207634862
0.4209378254
0.4211119445
0.4212858441
0.4214595251
0.4216329881
0.4218062334
0.4219792622
0.4221520745
0.4223246714
0.4224970534
0.4226692211
0.4228411751
0.4230129161
0.4231844447
0.4233557612
0.4235268668
0.4236977617
0.4238684466
0.4240389221
0.4242091887
0.4243792472
0.4245490981
0.4245490981
0.4253952590
0.4262363172
0.4270723445
0.4279034103
0.4287295829
0.4295509296
0.4303675153
0.4311794042
0.4319866591
0.4327893411
0.4335875108
0.4343812265
0.4351705462
0.4359555264
0.4367362226
0.4375126887
0.4382849780
0.4390531429
0.4398172345
0.4405773028
0.4413333969
0.4420855654
0.4428338552
0.4435783129
0.4443189844
0.4450559140
0.4457891456
0.4465187225
0.4472446871
0.4479670807
0.4486859443
0.4494013178
0.4501132404
0.4508217513
0.4515268879
0.4522286879
0.4529271879
0.4536224239
0.4543144315
0.4550032454
0.4556888997
0.4563714283
0.4570508642
0.4577272401
0.4584005880
0.4590709390
0.4597383248
0.4604027753
0.4610643207
0.4617229908
0.4623788141
0.4630318197
0.4636820354
0.4643294891
0.4649742081
0.4656162190
0.4662555485
0.4668922224
0.4675262665
0.4681577062
0.4687865662
0.4694128709
0.4700366447
0.4706579111
0.4712766937
0.4718930156
0.4725068993
0.4731183679
0.4737274427
0.4743341459
0.4749384990
0.4755405229
0.4761402387
0.4767376669
0.4773328280
0.4779257417
0.4785164279
0.4791049061
0.4796911954
0.4802753148
0.4808572829
0.4814371181
0.4820148388
0.4825904629
0.4831640080
0.4837354914
0.4843049305
0.4848723426
0.4854377439
0.4860011514
0.4865625814
0.4871220500
0.4876795731
0.4882351664
0.4887888456
0.4893406259
0.4898905226
0.4904385506
0.4909847247
0.4915290593
0.4920715689
0.4926122679
0.4931511704
0.4936882899
0.4942236406
0.4947572357
0.4952890887
0.4958192130
0.4963476216
0.4968743273
0.4973993429
0.4979226809
0.4984443542
0.4989643746
0.4994827547
0.4999995064
0.5005146416
0.5010281720
0.5015401094
0.5020504653
0.5025592508
0.5030664774
0.5035721560
0.5040762978
0.5045789137
0.5050800144
0.5055796104
0.5060777124
0.5065743305
0.5070694754
0.5075631570
0.5080553856
0.5085461708
0.5090355227
0.5095234511
0.5100099654
0.5104950754
0.5109787903
0.5114611197
0.5119420727
0.5124216583
0.5128998857
0.5133767640
0.5138523018
0.5143265080
0.5147993912
0.5152709602
0.5157412233
0.5162101891
0.5166778656
0.5171442615
0.5176093846
0.5180732431
0.5185358450
0.5189971984
0.5194573111
0.5199161906
0.5203738446
0.5208302811
0.5212855074
0.5217395312
0.5221923593
0.5226439998
0.5230944595
0.5235437456
0.5239918653
0.5244388256
0.5248846338
0.5253292964
0.5257728202
0.5262152124
0.5266564796
0.5270966285
0.5275356653
0.5279735970
0.5284104299
0.5288461702
0.5292808247
0.5297143996
0.5301469008
0.5305783350
0.5310087079
0.5314380259
0.5318662948
0.5322935206
0.5327197093
0.5331448666
0.5335689986
0.5339921109
0.5344142090
0.5348352992
0.5352553865
0.5356744765
0.5360925748
0.5365096872
0.5369258185
0.5373409747
0.5377551608
0.5381683821
0.5385806438
0.5389919513
0.5394023096
0.5398117234
0.5402201985
0.5406277396
0.5410343515
0.5414400395
0.5418448081
0.5422486623
0.5426516070
0.5430536469
0.5434547868
0.5438550312
0.5442543850
0.5446528528
0.5450504390
0.5454471482
0.5458429850
0.5462379537
0.5466320590
0.5470253051
0.5474176965
0.5478092373
0.5481999320
0.5485897849
0.5489787999
0.5493669815
0.5497543339
0.5501408609
0.5505265670
0.5509114560
0.5512955321
0.5516787989
0.5520612610
0.5524429218
0.5528237855
0.5532038558
0.5535831369
0.5539616320
0.5543393455
0.5547162811
0.5550924421
0.5554678325
0.5558424560
0.5562163160
0.5565894166
0.5569617609
0.5573333529
0.5577041957
0.5580742932
0.5584436489
0.5588122659
0.5591801480
0.5595472983
0.5599137203
0.5602794177
0.5606443933
0.5610086507
0.5613721935
0.5617350242
0.5620971469
0.5624585641
0.5628192795
0.5631792960
0.5635386167
0.5638972450
0.5642551840
0.5646124367
0.5649690060
0.5653248952
0.5656801072
0.5660346449
0.5663885114
0.5667417098
0.5670942429
0.5674461136
0.5677973247
0.5681478793
0.5684977803
0.5688470302
0.5691956321
0.5695435888
0.5698909030
0.5702375773
0.5705836148
0.5709290180
0.5712737898
0.5716179327
0.5719614492
0.5723043425
0.5726466147
0.5729882688
0.5733293069
0.5736697323
0.5740095470
0.5743487541
0.5746873552
0.5750253538
0.5753627521
0.5756995524
0.5760357571
0.5763713688
0.5767063902
0.5770408232
0.5773746706
0.5777079347
0.5780406178
0.5783727223
0.5787042508
0.5790352050
0.5793655879
0.5796954013
0.5800246478
0.5803533295
0.5806814489
0.5810090078
0.5813360090
0.5816624541
0.5819883456
0.5823136859
0.5826384770
0.5829627209
0.5832864200
0.5836095761
0.5839321918
0.5842542688
0.5845758093
0.5848968155
0.5852172894
0.5855372331
0.5858566485
0.5861755378
0.5864939029
0.5868117458
0.5871290687
0.5874458734
0.5877621619
0.5880779362
0.5883931983
0.5887079499
0.5890221930
0.5893359298
0.5896491621
0.5899618915
0.5902741200
0.5905858497
0.5908970822
0.5912078196
0.5915180636
0.5918278158
0.5921370784
0.5924458531
0.5927541415
0.5930619455
0.5933692671
0.5936761076
0.5939824689
0.5942883531
0.5945937616
0.5948986963
0.5952031589
0.5955071510
0.5958106742
0.5961137304
0.5964163212
0.5967184482
0.5970201129
0.5973213173
0.5976220629
0.5979223514
0.5982221845
0.5985215635
0.5988204900
0.5991189659
0.5994169927
0.5997145719
0.6000117049
0.6003083936
0.6006046394
0.6009004439
0.6011958081
0.6014907346
0.6017852238
0.6020792780
0.6023728985
0.6026660866
0.6029588438
0.6032511718
0.6035430718
0.6038345454
0.6041255940
0.6044162191
0.6047064222
0.6049962047
0.6052855680
0.6055745134
0.6058630425
0.6061511565
0.6064388568
0.6067261449
0.6070130224
0.6072994903
0.6075855500
0.6078712029
0.6081564505
0.6084412939
0.6087257347
0.6090097741
0.6092934132
0.6095766539
0.6098594967
0.6101419438
0.6104239956
0.6107056541
0.6109869201
0.6112677950
0.6115482805
0.6118283773
0.6121080867
0.6123874102
0.6126663492
0.6129449043
0.6132230774
0.6135008693
0.6137782813
0.6140553147
0.6143319706
0.6146082503
0.6148841552
0.6151596860
0.6154348440
0.6157096309
0.6159840471
0.6162580944
0.6165317736
0.6168050859
0.6170780323
0.6173506144
0.6176228330
0.6178946892
0.6181661845
0.6184373195
0.6187080956
0.6189785138
0.6192485753
0.6195182813
0.6197876326
0.6200566307
0.6203252760
0.6205935702
0.6208615143
0.6211291093
0.6213963560
0.6216632555
0.6219298092
0.6221960182
0.6224618829
0.6227274049
0.6229925851
0.6232574243
0.6235219238
0.6237860844
0.6240499074
0.6243133936
0.6245765442
0.6248393599
0.6251018418
0.6253639910
0.6256258083
0.6258872948
0.6261484516
0.6264092795
0.6266697792
0.6269299523
0.6271897993
0.6274493212
0.6277085192
0.6279673941
0.6282259465
0.6284841777
0.6287420887
0.6289996803
0.6292569534
0.6295139090
0.6297705478
0.6300268707
0.6302828789
0.6305385733
0.6307939548
0.6310490239
0.6313037816
0.6315582291
0.6318123672
0.6320661966
0.6323197184
0.6325729332
0.6328258420
0.6330784459
0.6333307452
0.6335827411
0.6335827411
0.6348381994
0.6360861982
0.6373268402
0.6385602260
0.6397864536
0.6410056198
0.6422178186
0.6434231425
0.6446216816
0.6458135245
0.6469987581
0.6481774671
0.6493497351
0.6505156434
0.6516752724
0.6528287003
0.6539760039
0.6551172588
0.6562525389
0.6573819167
0.6585054634
0.6596232489
0.6607353417
0.6618418089
0.6629427168
0.6640381301
0.6651281122
0.6662127260
0.6672920326
0.6683660922
0.6694349641
0.6704987065
0.6715573765
0.6726110298
0.6736597223
0.6747035078
0.6757424397
0.6767765701
0.6778059510
0.6788306326
0.6798506651
0.6808660973
0.6818769772
0.6828833521
0.6838852689
0.6848827735
0.6858759109
0.6868647254
0.6878492606
0.6888295600
0.6898056654
0.6907776187
0.6917454607
0.6927092320
0.6936689726
0.6946247212
0.6955765165
0.6965243963
0.6974683986
0.6984085596
0.6993449161
0.7002775035
0.7012063570
0.7021315116
0.7030530015
0.7039708603
0.7048851214
0.7057958174
0.7067029805
0.7076066429
0.7085068355
0.7094035897
0.7102969358
0.7111869041
0.7120735238
0.7129568247
0.7138368354
0.7147135843
0.7155870999
0.7164574093
0.7173245407
0.7181885201
0.7190493748
0.7199071307
0.7207618139
0.7216134501
0.7224620641
0.7233076814
0.7241503263
0.7249900228
0.7258267958
0.7266606677
0.7274916629
0.7283198041
0.7291451139
0.7299676151
0.7307873297
0.7316042799
0.7324184871
0.7332299728
0.7340387583
0.7348448644
0.7356483117
0.7364491204
0.7372473109
0.7380429033
0.7388359169
0.7396263710
0.7404142851
0.7411996783
0.7419825692
0.7427629764
0.7435409180
0.7443164120
0.7450894771
0.7458601300
0.7466283888
0.7473942707
0.7481577928
0.7489189718
0.7496778247
0.7504343680
0.7511886180
0.7519405908
0.7526903022
0.7534377683
0.7541830049
0.7549260271
0.7556668503
0.7564054898
0.7571419603
0.7578762770
0.7586084542
0.7593385065
0.7600664482
0.7607922939
0.7615160570
0.7622377516
0.7629573918
0.7636749909
0.7643905625
0.7651041195
0.7658156759
0.7665252442
0.7672328371
0.7679384679
0.7686421490
0.7693438933
0.7700437126
0.7707416195
0.7714376263
0.7721317447
0.7728239868
0.7735143647
0.7742028896
0.7748895732
0.7755744270
0.7762574623
0.7769386903
0.7776181225
0.7782957695
0.7789716423
0.7796457518
0.7803181089
0.7809887237
0.7816576070
0.7823247693
0.7829902206
0.7836539713
0.7843160314
0.7849764112
0.7856351203
0.7862921689
0.7869475663
0.7876013226
0.7882534469
0.7889039490
0.7895528383
0.7902001239
0.7908458150
0.7914899213
0.7921324510
0.7927734137
0.7934128181
0.7940506730
0.7946869872
0.7953217695
0.7959550280
0.7965867717
0.7972170088
0.7978457478
0.7984729967
0.7990987644
0.7997230581
0.8003458864
0.8009672574
0.8015871788
0.8022056586
0.8028227047
0.8034383247
0.8040525261
0.8046653167
0.8052767039
0.8058866955
0.8064952988
0.8071025211
0.8077083696
0.8083128516
0.8089159743
0.8095177445
0.8101181699
0.8107172573
0.8113150132
0.8119114447
0.8125065590
0.8131003625
0.8136928619
0.8142840642
0.8148739756
0.8154626030
0.8160499526
0.8166360310
0.8172208450
0.8178044001
0.8183867035
0.8189677606
0.8195475785
0.8201261625
0.8207035191
0.8212796546
0.8218545747
0.8224282855
0.8230007929
0.8235721029
0.8241422207
0.8247111530
0.8252789051
0.8258454824
0.8264108912
0.8269751368
0.8275382242
0.8281001601
0.8286609492
0.8292205972
0.8297791094
0.8303364912
0.8308927480
0.8314478848
0.8320019073
0.8325548202
0.8331066290
0.8336573390
0.8342069549
0.8347554821
0.8353029255
0.8358492897
0.8363945804
0.8369388018
0.8374819592
0.8380240575
0.8385651011
0.8391050953
0.8396440444
0.8401819534
0.8407188267
0.8412546692
0.8417894856
0.8423232797
0.8428560571
0.8433878217
0.8439185784
0.8444483311
0.8449770845
0.8455048431
0.8460316110
0.8465573928
0.8470821927
0.8476060147
0.8481288636
0.8486507434
0.8491716576
0.8496916116
0.8502106086
0.8507286528
0.8512457488
0.8517619000
0.8522771109
0.8527913851
0.8533047268
0.8538171402
0.8543286285
0.8548391963
0.8553488470
0.8558575845
0.8563654131
0.8568723357
0.8573783568
0.8578834800
0.8583877087
0.8588910470
0.8593934984
0.8598950661
0.8603957543
0.8608955664
0.8613945062
0.8618925766
0.8623897818
0.8628861252
0.8633816100
0.8638762397
0.8643700180
0.8648629478
0.8653550333
0.8658462769
0.8663366828
0.8668262539
0.8673149935
0.8678029052
0.8682899920
0.8687762571
0.8692617042
0.8697463358
0.8702301551
0.8707131661
0.8711953715
0.8716767738
0.8721573774
0.8726371840
0.8731161980
0.8735944215
0.8740718577
0.8745485101
0.8750243810
0.8754994742
0.8759737918
0.8764473373
0.8769201136
0.8773921234
0.8778633697
0.8783338553
0.8788035832
0.8792725561
0.8797407771
0.8802082486
0.8806749735
0.8811409549
0.8816061953
0.8820706973
0.8825344644
0.8829974983
0.8834598020
0.8839213783
0.8843822301
0.8848423598
0.8853017700
0.8857604635
0.8862184424
0.8866757101
0.8871322686
0.8875881205
0.8880432687
0.8884977154
0.8889514632
0.8894045145
0.8898568720
0.8903085381
0.8907595155
0.8912098060
0.8916594127
0.8921083376
0.8925565831
0.8930041519
0.8934510461
0.8938972685
0.8943428210
0.8947877062
0.8952319262
0.8956754834
0.8961183805
0.8965606189
0.8970022017
0.8974431310
0.8978834087
0.8983230377
0.8987620193
0.8992003564
0.8996380509
0.9000751055
0.9005115218
0.9009473021
0.9013824487
0.9018169639
0.9022508494
0.9026841075
0.9031167407
0.9035487503
0.9039801390
0.9044109089
0.9048410619
0.9052705998
0.9056995252
0.9061278395
0.9065555457
0.9069826446
0.9074091390
0.9078350306
0.9082603217
0.9086850140
0.9091091094
0.9095326099
0.9099555174
0.9103778342
0.9107995621
0.9112207026
0.9116412581
0.9120612303
0.9124806211
0.9128994320
0.9133176655
0.9137353230
0.9141524068
0.9145689181
0.9149848593
0.9154002318
0.9158150379
0.9162292791
0.9166429568
0.9170560736
0.9174686307
0.9178806303
0.9182920734
0.9187029628
0.9191132990
0.9195230851
0.9199323217
0.9203410111
0.9207491551
0.9211567549
0.9215638123
0.9219703291
0.9223763070
0.9227817479
0.9231866533
0.9235910243
0.9239948637
0.9243981720
0.9248009510
0.9252032030
0.9256049291
0.9260061309
0.9264068104
0.9268069685
0.9272066069
0.9276057280
0.9280043326
0.9284024224
0.9287999991
0.9291970638
0.9295936189
0.9299896649
0.9303852043
0.9307802377
0.9311747674
0.9315687940
0.9319623200
0.9323553462
0.9327478743
0.9331399057
0.9335314421
0.9339224849
0.9343130354
0.9347030947
0.9350926647
0.9354817472
0.9358703429
0.9362584532
0.9366460801
0.9370332248
0.9374198884
0.9378060726
0.9381917787
0.9385770080
0.9389617620
0.9393460417
0.9397298492
0.9401131851
0.9404960514
0.9408784489
0.9412603790
0.9416418434
0.9420228434
0.9424033797
0.9427834541
0.9431630678
0.9435422224
0.9439209188
0.9442991585
0.9446769426
0.9450542725
0.9454311497
0.9458075751
0.9454311497
0.9473087848
0.9491752840
0.9510308007
0.9528754840
0.9547094814
0.9565329353
0.9583459864
0.9601487721
0.9619414277
0.9637240846
0.9654968715
0.9672599161
0.9690133417
0.9707572705
0.9724918211
0.9742171106
0.9759332541
0.9776403633
0.9793385491
0.9810279188
0.9827085791
0.9843806342
0.9860441855
0.9876993344
0.9893461785
0.9909848145
0.9926153374
0.9942378408
0.9958524150
0.9974591512
0.9990581370
1.0006494588
1.0022332025
1.0038094515
1.0053782875
1.0069397927
1.0084940452
1.0100411240
1.0115811057
1.0131140659
1.0146400783
1.0161592165
1.0176715527
1.0191771571
1.0206760991
1.0221684474
1.0236542690
1.0251336307
1.0266065974
1.0280732328
1.0295336009
1.0309877635
1.0324357814
1.0338777155
1.0353136242
1.0367435671
1.0381676013
1.0395857835
1.0409981693
1.0424048138
1.0438057709
1.0452010948
1.0465908373
1.0479750509
1.0493537856
1.0507270933
1.0520950223
1.0534576220
1.0548149408
1.0561670259
1.0575139243
1.0588556821
1.0601923454
1.0615239585
1.0628505654
1.0641722108
1.0654889376
1.0668007875
1.0681078032
1.0694100258
1.0707074965
1.0720002551
1.0732883412
1.0745717949
1.0758506537
1.0771249569
1.0783947421
1.0796600456
1.0809209049
1.0821773565
1.0834294356
1.0846771777
1.0859206176
1.0871597902
1.0883947293
1.0896254680
1.0908520404
1.0920744786
1.0932928155
1.0945070825
1.0957173119
1.0969235340
1.0981257806
1.0993240813
1.1005184666
1.1017089663
1.1028956101
1.1040784261
1.1052574436
1.1064326910
1.1076041958
1.1087719861
1.1099360899
1.1110965327
1.1122533426
1.1134065459
1.1145561681
1.1157022355
1.1168447737
1.1179838071
1.1191193620
1.1202514622
1.1213801328
1.1225053976
1.1236272804
1.1247458044
1.1258609936
1.1269728712
1.1280814604
1.1291867826
1.1302888606
1.1313877175
1.1324833742
1.1335758523
1.1346651743
1.1357513598
1.1368344311
1.1379144088
1.1389913128
1.1400651643
1.1411359826
1.1422037879
1.1432686005
1.1443304387
1.1453893230
1.1464452717
1.1474983046
1.1485484395
1.1495956955
1.1506400905
1.1516816432
1.1527203710
1.1537562925
1.1547894246
1.1558197851
1.1568473912
1.1578722603
1.1588944090
1.1599138547
1.1609306128
1.1619447011
1.1629561347
1.1639649308
1.1649711055
1.1659746737
1.1669756515
1.1679740543
1.1689698983
1.1699631978
1.1709539682
1.1719422246
1.1729279817
1.1739112545
1.1748920578
1.1758704049
1.1768463112
1.1778197903
1.1787908567
1.1797595239
1.1807258061
1.1816897163
1.1826512686
1.1836104760
1.1845673523
1.1855219106
1.1864741633
1.1874241242
1.1883718059
1.1893172208
1.1902603815
1.1912013010
1.1921399913
1.1930764649
1.1940107343
1.1949428109
1.1958727065
1.1968004338
1.1977260039
1.1986494294
1.1995707206
1.2004898897
1.2014069483
1.2023219071
1.2032347772
1.2041455702
1.2050542972
1.2059609685
1.2068655953
1.2077681885
1.2086687586
1.2095673159
1.2104638711
1.2113584343
1.2122510163
1.2131416265
1.2140302763
1.2149169741
1.2158017317
1.2166845576
1.2175654618
1.2184444550
1.2193215457
1.2201967440
1.2210700593
1.2219415013
1.2228110788
1.2236788020
1.2245446787
1.2254087195
1.2262709323
1.2271313272
1.2279899124
1.2288466964
1.2297016893
1.2305548982
1.2314063332
1.2322560016
1.2331039134
1.2339500759
1.2347944973
1.2356371871
1.2364781526
1.2373174027
1.2381549451
1.2389907882
1.2398249391
1.2406574074
1.2414881996
1.2423173241
1.2431447885
1.2439706007
1.2447947685
1.2456172994
1.2464382008
1.2472574804
1.2480751458
1.2488912044
1.2497056625
1.2505185292
1.2513298104
1.2521395139
1.2529476461
1.2537542156
1.2545592276
1.2553626905
1.2561646108
1.2569649950
1.2577638505
1.2585611836
1.2593570016
1.2601513109
1.2609441183
1.2617354301
1.2625252531
1.2633135936
1.2641004584
1.2648858545
1.2656697867
1.2664522628
1.2672332881
1.2680128691
1.2687910125
1.2695677248
1.2703430108
1.2711168776
1.2718893305
1.2726603768
1.2734300206
1.2741982696
1.2749651293
1.2757306043
1.2764947019
1.2772574273
1.2780187861
1.2787787840
1.2795374272
1.2802947203
1.2810506699
1.2818052814
1.2825585601
1.2833105109
1.2840611402
1.2848104534
1.2855584554
1.2863051514
1.2870505468
1.2877946470
1.2885374574
1.2892789832
1.2900192294
1.2907582012
1.2914959035
1.2922323415
1.2929675207
1.2937014458
1.2944341216
1.2951655529
1.2958957455
1.2966247032
1.2973524312
1.2980789349
1.2988042185
1.2995282868
1.3002511445
1.3009727970
1.3016932485
1.3024125031
1.3031305662
1.3038474426
1.3045631359
1.3052776513
1.3059909932
1.3067031661
1.3074141744
1.3081240223
1.3088327149
1.3095402560
1.3102466503
1.3109519014
1.3116560147
1.3123589937
1.3130608431
1.3137615666
1.3144611690
1.3151596538
1.3158570258
1.3165532891
1.3172484473
1.3179425052
1.3186354659
1.3193273339
1.3200181136
1.3207078091
1.3213964233
1.3220839611
1.3227704254
1.3234558216
1.3241401527
1.3248234222
1.3255056349
1.3261867932
1.3268669025
1.3275459657
1.3282239870
1.3289009694
1.3295769171
1.3302518336
1.3309257225
1.3315985880
1.3322704331
1.3329412619
1.3336110774
1.3342798833
1.3349476836
1.3356144813
1.3362802801
1.3369450841
1.3376088957
1.3382717190
1.3389335576
1.3395944140
1.3402542923
1.3409131960
1.3415711281
1.3422280917
1.3428840909
1.3435391287
1.3441932074
1.3448463318
1.3454985044
1.3461497281
1.3468000070
1.3474493436
1.3480977408
1.3487452028
1.3493917320
1.3500373319
1.3506820051
1.3513257549
1.3519685850
1.3526104978
1.3532514963
1.3538915840
1.3545307634
1.3551690379
1.3558064101
1.3564428834
1.3570784608
1.3577131448
1.3583469383
1.3589798448
1.3596118668
1.3602430067
1.3608732686
1.3615026543
1.3621311668
1.3627588097
1.3633855847
1.3640114949
1.3646365438
1.3652607331
1.3658840660
1.3665065459
1.3671281747
1.3677489553
1.3683688907
1.3689879826
1.3696062348
1.3702236495
1.3708402298
1.3714559773
1.3720708958
1.3726849870
1.3732982544
1.3739106993
1.3745223252
1.3751331345
1.3757431296
1.3763523129
1.3769606874
1.3775682554
1.3781750188
1.3787809811
1.3793861441
1.3799905107
1.3805940828
1.3811968628
1.3817988536
1.3824000577
1.3830004767
1.3836001138
1.3841989712
1.3847970513
1.3853943560
1.3859908876
1.3865866492
1.3871816424
1.3877758697
1.3883693341
1.3889620367
1.3895539806
1.3901451675
1.3907356004
1.3913252804
1.3919142113
1.3925023941
1.3930898312
1.3936765251
1.3942624775
1.3948476914
1.3954321686
1.3960159109
1.3965989206
1.3971812002
1.3977627513
1.3983435772
1.3989236782
1.3995030574
1.4000817171
1.4006596593
1.4012368856
1.4018133984
1.4023891995
1.4029642913
1.4035386763
1.4041123549
1.4046853308
1.4052576051
1.4058291802
1.4064000580
1.4069702402
1.4075397286
1.4081085262
1.4086766342
1.4092440543
1.4098107896
1.4103768406
1.4109422097
1.4115068994
1.4120709107
1.4126342461
1.4120709107
1.4148808656
1.4176741532
1.4204510025
1.4232116369
1.4259562764
1.4286851356
1.4313984243
1.4340963487
1.4367791096
1.4394469050
1.4420999280
1.4447383688
1.4473624120
1.4499722401
1.4525680319
1.4551499621
1.4577182016
1.4602729199
1.4628142814
1.4653424469
1.4678575770
1.4703598265
1.4728493480
1.4753262923
1.4777908061
1.4802430347
1.4826831195
1.4851112000
1.4875274137
1.4899318943
1.4923247746
1.4947061834
1.4970762495
1.4994350973
1.5017828504
1.5041196290
1.5064455531
1.5087607393
1.5110653029
1.5133593557
1.5156430105
1.5179163752
1.5201795588
1.5224326662
1.5246758018
1.5269090674
1.5291325638
1.5313463912
1.5335506467
1.5357454256
1.5379308227
1.5401069323
1.5422738443
1.5444316498
1.5465804372
1.5487202952
1.5508513079
1.5529735617
1.5550871394
1.5571921239
1.5592885957
1.5613766352
1.5634563211
1.5655277304
1.5675909404
1.5696460251
1.5716930608
1.5737321190
1.5757632724
1.5777865926
1.5798021493
1.5818100116
1.5838102481
1.5858029256
1.5877881101
1.5897658686
1.5917362634
1.5936993603
1.5956552205
1.5976039068
1.5995454798
1.6014800004
1.6034075270
1.6053281198
1.6072418360
1.6091487322
1.6110488663
1.6129422925
1.6148290668
1.6167092428
1.6185828743
1.6204500148
1.6223107157
1.6241650293
1.6260130057
1.6278546963
1.6296901498
1.6315194151
1.6333425424
1.6351595775
1.6369705693
1.6387755636
1.6405746064
1.6423677442
1.6441550205
1.6459364817
1.6477121703
1.6494821308
1.6512464050
1.6530050365
1.6547580669
1.6565055368
1.6582474885
1.6599839614
1.6617149965
1.6634406326
1.6651609091
1.6668758646
1.6685855374
1.6702899656
1.6719891868
1.6736832372
1.6753721533
1.6770559726
1.6787347291
1.6804084597
1.6820771984
1.6837409798
1.6853998391
1.6870538083
1.6887029234
1.6903472153
1.6919867185
1.6936214641
1.6952514849
1.6968768123
1.6984974775
1.7001135132
1.7017249475
1.7033318136
1.7049341390
1.7065319560
1.7081252918
1.7097141776
1.7112986407
1.7128787110
1.7144544164
1.7160257844
1.7175928429
1.7191556201
1.7207141427
1.7222684375
1.7238185314
1.7253644512
1.7269062219
1.7284438703
1.7299774215
1.7315069017
1.7330323354
1.7345537475
1.7360711626
1.7375846056
1.7390941004
1.7405996708
1.7421013407
1.7435991333
1.7450930724
1.7465831808
1.7480694810
1.7495519964
1.7510307489
1.7525057606
1.7539770541
1.7554446504
1.7569085715
1.7583688388
1.7598254738
1.7612784973
1.7627279297
1.7641737924
1.7656161056
1.7670548890
1.7684901635
1.7699219481
1.7713502637
1.7727751283
1.7741965631
1.7756145862
1.7770292173
1.7784404740
1.7798483763
1.7812529425
1.7826541904
1.7840521387
1.7854468063
1.7868382088
1.7882263664
1.7896112958
1.7909930137
1.7923715386
1.7937468872
1.7951190761
1.7964881227
1.7978540442
1.7992168561
1.8005765752
1.8019332186
1.8032868019
1.8046373413
1.8059848521
1.8073293511
1.8086708526
1.8100093738
1.8113449291
1.8126775340
1.8140072039
1.8153339533
1.8166577975
1.8179787514
1.8192968295
1.8206120459
1.8219244162
1.8232339541
1.8245406739
1.8258445892
1.8271457145
1.8284440640
1.8297396509
1.8310324887
1.8323225919
1.8336099730
1.8348946462
1.8361766241
1.8374559203
1.8387325469
1.8400065187
1.8412778471
1.8425465450
1.8438126252
1.8450761006
1.8463369832
1.8475952861
1.8488510207
1.8501042000
1.8513548354
1.8526029388
1.8538485233
1.8550915996
1.8563321803
1.8575702760
1.8588058988
1.8600390605
1.8612697724
1.8624980465
1.8637238923
1.8649473218
1.8661683468
1.8673869768
1.8686032251
1.8698170999
1.8710286138
1.8722377763
1.8734445987
1.8746490917
1.8758512656
1.8770511303
1.8782486967
1.8794439749
1.8806369743
1.8818277071
1.8830161808
1.8842024074
1.8853863952
1.8865681551
1.8877476964
1.8889250288
1.8901001624
1.8912731061
1.8924438695
1.8936124626
1.8947788946
1.8959431747
1.8971053115
1.8982653151
1.8994231937
1.9005789576
1.9017326144
1.9028841750
1.9040336458
1.9051810370
1.9063263581
1.9074696157
1.9086108205
1.9097499797
1.9108871023
1.9120221976
1.9131552724
1.9142863361
1.9154153971
1.9165424637
1.9176675431
1.9187906448
1.9199117760
1.9210309444
1.9221481595
1.9232634280
1.9243767581
1.9254881576
1.9265976349
1.9277051965
1.9288108507
1.9299146060
1.9310164688
1.9321164475
1.9332145486
1.9343107805
1.9354051504
1.9364976654
1.9375883327
1.9386771605
1.9397641549
1.9408493230
1.9419326732
1.9430142126
1.9440939460
1.9451718829
1.9462480292
1.9473223922
1.9483949778
1.9494657937
1.9505348471
1.9516021440
1.9526676915
1.9537314961
1.9547935639
1.9558539025
1.9569125179
1.9579694167
1.9590246055
1.9600780902
1.9611298785
1.9621799759
1.9632283882
1.9642751221
1.9653201846
1.9663635812
1.9674053184
1.9684454016
1.9694838379
1.9705206326
1.9715557925
1.9725893233
1.9736212299
1.9746515200
1.9756801990
1.9767072717
1.9777327452
1.9787566242
1.9797789154
1.9807996247
1.9818187574
1.9828363184
1.9838523141
1.9848667506
1.9858796326
1.9868909661
1.9879007558
1.9889090083
1.9899157283
1.9909209225
1.9919245944
1.9929267511
1.9939273963
1.9949265364
1.9959241763
1.9969203214
1.9979149774
1.9989081488
1.9998998401
2.0008900580
2.0018788067
2.0028660915
2.0038519166
2.0048362885
2.0058192120
2.0068006907
2.0077807305
2.0087593362
2.0097365127
2.0107122657
2.0116865978
2.0126595161
2.0136310247
2.0146011273
2.0155698297
2.0165371368
2.0175030521
2.0184675816
2.0194307295
2.0203925005
2.0213528982
2.0223119286
2.0232695953
2.0242259029
2.0251808564
2.0261344591
2.0270867173
2.0280376343
2.0289872137
2.0299354611
2.0308823810
2.0318279777
2.0327722535
2.0337152157
2.0346568666
2.0355972109
2.0365362529
2.0374739972
2.0384104470
2.0393456069
2.0402794818
2.0412120751
2.0421433905
2.0430734334
2.0440022061
2.0449297140
2.0458559606
2.0467809496
2.0477046857
2.0486271725
2.0495484135
2.0504684136
2.0513871763
2.0523047052
2.0532210038
2.0541360763
2.0550499276
2.0559625594
2.0568739776
2.0577841846
2.0586931840
2.0596009806
2.0605075780
2.0614129785
2.0623171876
2.0632202075
2.0641220430
2.0650226966
2.0659221724
2.0668204740
2.0677176062
2.0686135701
2.0695083711
2.0704020116
2.0712944958
2.0721858273
2.0730760095
2.0739650456
2.0748529390
2.0757396928
2.0766253111
2.0775097964
2.0783931539
2.0792753849
2.0801564936
2.0810364834
2.0819153575
2.0827931193
2.0836697725
2.0845453183
2.0854197625
2.0862931076
2.0871653566
2.0880365119
2.0889065776
2.0897755573
2.0906434534
2.0915102694
2.0923760078
2.0932406721
2.0941042659
2.0949667916
2.0958282528
2.0966886518
2.0975479922
2.0984062777
2.0992635099
2.1001196936
2.1009748296
2.1018289224
2.1026819745
2.1035339890
2.1043849686
2.1052349166
2.1060838357
2.1069317285
2.1077785984
2.1086244479
2.1094692806
2.1103130982
2.1111559043
