# eps (GeV/fm^3   P (GeV/fm^3)      s (fm^-3)    n_b (fm^-3)
   0.0003894211   0.0000810026    0.0094084735   0.0000000000
   0.0004328968   0.0000908371    0.0102692920   0.0000000000
   0.0004799785   0.0001015590    0.0111834131   0.0000000000
   0.0005308790   0.0001132224    0.0121528569   0.0000000000
   0.0005858209   0.0001258838    0.0131797176   0.0000000000
   0.0006450377   0.0001396017    0.0142661704   0.0000000000
   0.0007087739   0.0001544368    0.0154144763   0.0000000000
   0.0007772863   0.0001704521    0.0166269889   0.0000000000
   0.0008508443   0.0001877130    0.0179061601   0.0000000000
   0.0009297308   0.0002062874    0.0192545470   0.0000000000
   0.0010142431   0.0002262460    0.0206748184   0.0000000000
   0.0011046935   0.0002476620    0.0221697614   0.0000000000
   0.0012014105   0.0002706114    0.0237422890   0.0000000000
   0.0013047397   0.0002951734    0.0253954471   0.0000000000
   0.0014150448   0.0003214302    0.0271324223   0.0000000000
   0.0015327084   0.0003494673    0.0289565500   0.0000000000
   0.0016581337   0.0003793735    0.0308713226   0.0000000000
   0.0017917453   0.0004112414    0.0328803978   0.0000000000
   0.0019339903   0.0004451670    0.0349876081   0.0000000000
   0.0020853403   0.0004812507    0.0371969702   0.0000000000
   0.0022462921   0.0005195964    0.0395126933   0.0000000000
   0.0024173696   0.0005603130    0.0419391914   0.0000000000
   0.0025991254   0.0006035133    0.0444810922   0.0000000000
   0.0027921419   0.0006493152    0.0471432485   0.0000000000
   0.0029970339   0.0006978416    0.0499307494   0.0000000000
   0.0032144497   0.0007492203    0.0528489326   0.0000000000
   0.0034450733   0.0008035849    0.0559033965   0.0000000000
   0.0036896265   0.0008610745    0.0591000128   0.0000000000
   0.0039488710   0.0009218343    0.0624449404   0.0000000000
   0.0042236105   0.0009860159    0.0659446387   0.0000000000
   0.0045146931   0.0010537774    0.0696058823   0.0000000000
   0.0048230140   0.0011252839    0.0734357762   0.0000000000
   0.0051495175   0.0012007077    0.0774417709   0.0000000000
   0.0054952006   0.0012802288    0.0816316789   0.0000000000
   0.0058611150   0.0013640351    0.0860136912   0.0000000000
   0.0062483706   0.0014523230    0.0905963951   0.0000000000
   0.0066581383   0.0015452978    0.0953887918   0.0000000000
   0.0070916538   0.0016431736    0.1004003155   0.0000000000
   0.0075502203   0.0017461747    0.1056408522   0.0000000000
   0.0080352125   0.0018545351    0.1111207604   0.0000000000
   0.0085480806   0.0019684996    0.1168508912   0.0000000000
   0.0090903534   0.0020883241    0.1228426102   0.0000000000
   0.0096636434   0.0022142760    0.1291078192   0.0000000000
   0.0102696500   0.0023466350    0.1356589793   0.0000000000
   0.0109101650   0.0024856936    0.1425091344   0.0000000000
   0.0115870764   0.0026317575    0.1496719354   0.0000000000
   0.0123023734   0.0027851465    0.1571616654   0.0000000000
   0.0130581520   0.0029461948    0.1649932653   0.0000000000
   0.0138566192   0.0031152521    0.1731823603   0.0000000000
   0.0147000993   0.0032926841    0.1817452871   0.0000000000
   0.0155910392   0.0034788730    0.1906991221   0.0000000000
   0.0165320141   0.0036742186    0.2000617098   0.0000000000
   0.0175257338   0.0038791389    0.2098516925   0.0000000000
   0.0185750488   0.0040940709    0.2200885404   0.0000000000
   0.0196829569   0.0043194717    0.2307925825   0.0000000000
   0.0208526102   0.0045558188    0.2419850382   0.0000000000
   0.0220873214   0.0048036119    0.2536880498   0.0000000000
   0.0233905717   0.0050633728    0.2659247153   0.0000000000
   0.0247660180   0.0053356472    0.2787191223   0.0000000000
   0.0262175004   0.0056210053    0.2920963825   0.0000000000
   0.0277490504   0.0059200430    0.3060826666   0.0000000000
   0.0293648989   0.0062333827    0.3207052399   0.0000000000
   0.0310694849   0.0065616750    0.3359924992   0.0000000000
   0.0328674639   0.0069055991    0.3519740090   0.0000000000
   0.0347637169   0.0072658646    0.3686805400   0.0000000000
   0.0367633597   0.0076432125    0.3861441062   0.0000000000
   0.0388717523   0.0080384163    0.4043980046   0.0000000000
   0.0410945084   0.0084522835    0.4234768537   0.0000000000
   0.0434375058   0.0088856569    0.4434166336   0.0000000000
   0.0459068963   0.0093394161    0.4642547260   0.0000000000
   0.0485091159   0.0098144787    0.4860299550   0.0000000000
   0.0512508962   0.0103118018    0.5087826284   0.0000000000
   0.0541392749   0.0108323837    0.5325545787   0.0000000000
   0.0571816071   0.0113772652    0.5573892055   0.0000000000
   0.0603855768   0.0119475313    0.5833315172   0.0000000000
   0.0637592088   0.0125443129    0.6104281739   0.0000000000
   0.0673108803   0.0131687885    0.6387275304   0.0000000000
   0.0710493336   0.0138221856    0.6682796784   0.0000000000
   0.0749836881   0.0145057827    0.6991364910   0.0000000000
   0.0791234535   0.0152209113    0.7313516650   0.0000000000
   0.0834785422   0.0159689573    0.7649807653   0.0000000000
   0.0880592829   0.0167513632    0.8000812683   0.0000000000
   0.0928764339   0.0175696300    0.8367126059   0.0000000000
   0.0979411967   0.0184253191    0.8749362091   0.0000000000
   0.1032652297   0.0193200543    0.9148155523   0.0000000000
   0.1088606627   0.0202555239    0.9564161970   0.0000000000
   0.1147401106   0.0212334830    0.9998058354   0.0000000000
   0.1209166886   0.0222557552    1.0450543345   0.0000000000
   0.1274040264   0.0233242352    1.0922337799   0.0000000000
   0.1342162829   0.0244408911    1.1414185184   0.0000000000
   0.1413681621   0.0256077662    1.1926852024   0.0000000000
   0.1488749276   0.0268269818    1.2461128326   0.0000000000
   0.1567524184   0.0281007392    1.3017828005   0.0000000000
   0.1650170645   0.0294313227    1.3597789315   0.0000000000
   0.1736859027   0.0308211012    1.4201875269   0.0000000000
   0.1827765924   0.0322725314    1.4830974057   0.0000000000
   0.1923074321   0.0337881601    1.5485999464   0.0000000000
   0.2022973751   0.0353706268    1.6167891282   0.0000000000
   0.2127660465   0.0370226661    1.6877615712   0.0000000000
   0.2237337593   0.0387471107    1.7616165771   0.0000000000
   0.2352215314   0.0405468940    1.8384561692   0.0000000000
   0.2472511021   0.0424250527    1.9183851309   0.0000000000
   0.2598449491   0.0443847298    2.0015110450   0.0000000000
   0.2730263056   0.0464291772    2.0879443316   0.0000000000
   0.2868191774   0.0485617586    2.1777982854   0.0000000000
   0.3012483600   0.0507859526    2.2711891132   0.0000000000
   0.3163394559   0.0531053554    2.3682359696   0.0000000000
   0.3321188921   0.0555236838    2.4690609927   0.0000000000
   0.3486139373   0.0580447783    2.5737893394   0.0000000000
   0.3658527197   0.0606726062    2.6825492192   0.0000000000
   0.3838642441   0.0634112642    2.7954719274   0.0000000000
   0.4026784101   0.0662649823    2.9126918784   0.0000000000
   0.4223260292   0.0692381261    3.0343466377   0.0000000000
   0.4428388426   0.0723352006    3.1605769523   0.0000000000
   0.4642495392   0.0755608531    3.2915267818   0.0000000000
   0.4865917728   0.0789198763    3.4273433276   0.0000000000
   0.5099001803   0.0824172119    3.5681770617   0.0000000000
   0.5342103991   0.0860579539    3.7141817546   0.0000000000
   0.5595590850   0.0898473513    3.8655145019   0.0000000000
   0.5859839298   0.0937908122    4.0223357512   0.0000000000
   0.6135236788   0.0978939067    4.1848093268   0.0000000000
   0.6422181491   0.1021623705    4.3531024541   0.0000000000
   0.6721082466   0.1066021082    4.5273857835   0.0000000000
   0.7032359836   0.1112191966    4.7078334120   0.0000000000
   0.7356444969   0.1160198887    4.8946229060   0.0000000000
   0.7693780647   0.1210106165    5.0879353214   0.0000000000
   0.8044821244   0.1261979949    5.2879552235   0.0000000000
   0.8410032897   0.1315888252    5.4948707059   0.0000000000
   0.8789893682   0.1371900985    5.7088734083   0.0000000000
   0.9184893783   0.1430089993    5.9301585337   0.0000000000
   0.9595535666   0.1490529090    6.1589248644   0.0000000000
   1.0022334247   0.1553294099    6.3953747771   0.0000000000
   1.0465817066   0.1618462882    6.6397142571   0.0000000000
   1.0926524449   0.1686115379    6.8921529113   0.0000000000
   1.1405009681   0.1756333645    7.1529039812   0.0000000000
   1.1901839169   0.1829201886    7.4221843537   0.0000000000
   1.2417592607   0.1904806495    7.7002145708   0.0000000000
   1.2952863146   0.1983236087    7.9872188410   0.0000000000
   1.3508257546   0.2064581541    8.2834250463   0.0000000000
   1.4083909441   0.2148935451    8.5888068209   0.0000000000
   1.4677452831   0.2236383739    8.9020192473   0.0000000000
   1.5286157017   0.2326996851    9.2215465282   0.0000000000
   1.5907832045   0.2420831659    9.5461790127   0.0000000000
   1.6540731119   0.2517934225    9.8749561366   0.0000000000
   1.7183470224   0.2618342052   10.2071197299   0.0000000000
   1.7834962330   0.2722085913   10.5420760223   0.0000000000
   1.8494363491   0.2829191335   10.8793647071   0.0000000000
   1.9161028664   0.2939679799   11.2186337374   0.0000000000
   1.9834475468   0.3053569722   11.5596187826   0.0000000000
   2.0514354444   0.3170877244   11.9021264764   0.0000000000
   2.1200424637   0.3291616868   12.2460207528   0.0000000000
   2.1892533537   0.3415801977   12.5912116987   0.0000000000
   2.2590600601   0.3543445245   12.9376464583   0.0000000000
   2.3294603708   0.3674558972   13.2853018130   0.0000000000
   2.4004568035   0.3809155349   13.6341781296   0.0000000000
   2.4720556905   0.3947246667   13.9842944254   0.0000000000
   2.5442664276   0.4088845482   14.3356843487   0.0000000000
   2.6171008567   0.4233964748   14.6883929060   0.0000000000
   2.6905727594   0.4382617914   15.0424738017   0.0000000000
   2.7646974413   0.4534818999   15.3979872782   0.0000000000
   2.8394913919   0.4690582651   15.7549983664   0.0000000000
   2.9149720061   0.4849924186   16.1135754723   0.0000000000
   2.9911573568   0.5012859616   16.4737892375   0.0000000000
   3.0680660098   0.5179405666   16.8357116261   0.0000000000
   3.1457168731   0.5349579786   17.1994151947   0.0000000000
   3.2241290756   0.5523400149   17.5649725141   0.0000000000
   3.3033218685   0.5700885655   17.9324557131   0.0000000000
   3.3833145467   0.5882055921   18.3019361236   0.0000000000
   3.4641263867   0.6066931270   18.6734840077   0.0000000000
   3.5457765966   0.6255532723   19.0471683510   0.0000000000
   3.6282842780   0.6447881984   19.4230567108   0.0000000000
   3.7116683964   0.6644001424   19.8012151076   0.0000000000
   3.7959477588   0.6843914067   20.1817079528   0.0000000000
   3.8811409976   0.7047643574   20.5645980044   0.0000000000
   3.9672665592   0.7255214222   20.9499463458   0.0000000000
   4.0543426968   0.7466650893   21.3378123827   0.0000000000
   4.1423874657   0.7681979055   21.7282538548   0.0000000000
   4.2314187225   0.7901224742   22.1213268578   0.0000000000
   4.3214541250   0.8124414545   22.5170858752   0.0000000000
   4.4125111348   0.8351575590   22.9155838155   0.0000000000
   4.5046070205   0.8582735523   23.3168720555   0.0000000000
   4.5977588624   0.8817922498   23.7210004860   0.0000000000
   4.6919835579   0.9057165162   24.1280175605   0.0000000000
   4.7872978268   0.9300492635   24.5379703450   0.0000000000
   4.8837182185   0.9547934507   24.9509045689   0.0000000000
   4.9812611175   0.9799520813   25.3668646760   0.0000000000
   5.0799427513   1.0055282031   25.7858938744   0.0000000000
   5.1797791963   1.0315249061   26.2080341873   0.0000000000
   5.2807863851   1.0579453221   26.6333265011   0.0000000000
   5.3829801136   1.0847926231   27.0618106138   0.0000000000
   5.4863760473   1.1120700202   27.4935252813   0.0000000000
   5.5909897281   1.1397807631   27.9285082622   0.0000000000
   5.6968365811   1.1679281384   28.3667963620   0.0000000000
   5.8039319208   1.1965154695   28.8084254743   0.0000000000
   5.9122909571   1.2255461148   29.2534306222   0.0000000000
   6.0219288016   1.2550234675   29.7018459962   0.0000000000
   6.1328604735   1.2849509546   30.1537049924   0.0000000000
   6.2451009050   1.3153320362   30.6090402477   0.0000000000
   6.3586649467   1.3461702045   31.0678836741   0.0000000000
   6.4735673731   1.3774689834   31.5302664918   0.0000000000
   6.5898228875   1.4092319275   31.9962192601   0.0000000000
   6.7074461270   1.4414626219   32.4657719077   0.0000000000
   6.8264516667   1.4741646811   32.9389537611   0.0000000000
   6.9468540249   1.5073417487   33.4157935716   0.0000000000
   7.0686676667   1.5409974969   33.8963195419   0.0000000000
   7.1919070087   1.5751356257   34.3805593506   0.0000000000
   7.3165864224   1.6097598626   34.8685401757   0.0000000000
   7.4427202384   1.6448739620   35.3602887175   0.0000000000
   7.5703227500   1.6804817047   35.8558312200   0.0000000000
   7.6994082165   1.7165868977   36.3551934912   0.0000000000
   7.8299908665   1.7531933734   36.8584009230   0.0000000000
   7.9620849014   1.7903049896   37.3654785094   0.0000000000
   8.0957044979   1.8279256287   37.8764508648   0.0000000000
   8.2308638115   1.8660591977   38.3913422403   0.0000000000
   8.3675769791   1.9047096275   38.9101765402   0.0000000000
   8.5058581215   1.9438808729   39.4329773374   0.0000000000
   8.6457213460   1.9835769121   39.9597678876   0.0000000000
   8.7871807491   2.0238017463   40.4905711438   0.0000000000
   8.9302504186   2.0645593995   41.0254097692   0.0000000000
   9.0749444360   2.1058539184   41.5643061502   0.0000000000
   9.2212768784   2.1476893718   42.1072824081   0.0000000000
   9.3692618209   2.1900698505   42.6543604108   0.0000000000
   9.5189133382   2.2329994671   43.2055617840   0.0000000000
   9.6702455069   2.2764823556   43.7609079213   0.0000000000
   9.8232724070   2.3205226715   44.3204199946   0.0000000000
   9.9780081236   2.3651245913   44.8841189630   0.0000000000
  10.1344667488   2.4102923120   45.4520255826   0.0000000000
  10.2926623831   2.4560300518   46.0241604148   0.0000000000
  10.4526091370   2.5023420491   46.6005438346   0.0000000000
  10.6143211323   2.5492325624   47.1811960384   0.0000000000
  10.7778125038   2.5967058707   47.7661370519   0.0000000000
  10.9430974003   2.6447662728   48.3553867370   0.0000000000
  11.1101899862   2.6934180870   48.9489647985   0.0000000000
  11.2791044422   2.7426656517   49.5468907912   0.0000000000
  11.4498549673   2.7925133244   50.1491841256   0.0000000000
  11.6224557791   2.8429654821   50.7558640743   0.0000000000
  11.7969211153   2.8940265211   51.3669497775   0.0000000000
  11.9732652347   2.9457008566   51.9824602485   0.0000000000
  12.1515024183   2.9979929228   52.6024143788   0.0000000000
  12.3316469698   3.0509071728   53.2268309435   0.0000000000
  12.5137132172   3.1044480784   53.8557286056   0.0000000000
  12.6977155130   3.1586201299   54.4891259206   0.0000000000
  12.8836682354   3.2134278363   55.1270413414   0.0000000000
  13.0715857891   3.2688757248   55.7694932215   0.0000000000
  13.2614826061   3.3249683410   56.4164998201   0.0000000000
  13.4533731463   3.3817102487   57.0680793050   0.0000000000
  13.6472718981   3.4391060299   57.7242497567   0.0000000000
  13.8431933795   3.4971602845   58.3850291717   0.0000000000
  14.0411521384   3.5558776305   59.0504354662   0.0000000000
  14.2411627534   3.6152627037   59.7204864787   0.0000000000
  14.4432398344   3.6753201577   60.3951999735   0.0000000000
  14.6473980230   3.7360546637   61.0745936436   0.0000000000
  14.8536519933   3.7974709109   61.7586851132   0.0000000000
  15.0620164523   3.8595736057   62.4474919408   0.0000000000
  15.2725061406   3.9223674724   63.1410316215   0.0000000000
  15.4851358324   3.9858572524   63.8393215895   0.0000000000
  15.6999203367   4.0500477048   64.5423792204   0.0000000000
  15.9168744971   4.1149436058   65.2502218338   0.0000000000
  16.1360131928   4.1805497492   65.9628666949   0.0000000000
  16.3573513386   4.2468709457   66.6803310172   0.0000000000
  16.5809038854   4.3139120234   67.4026319639   0.0000000000
  16.8066858207   4.3816778276   68.1297866503   0.0000000000
  17.0347121690   4.4501732203   68.8618121454   0.0000000000
  17.2649979921   4.5194030811   69.5987254734   0.0000000000
  17.4975583892   4.5893723062   70.3405436161   0.0000000000
  17.7324084979   4.6600858089   71.0872835137   0.0000000000
  17.9695634937   4.7315485195   71.8389620669   0.0000000000
  18.2090385909   4.8037653849   72.5955961381   0.0000000000
  18.4508490427   4.8767413692   73.3572025531   0.0000000000
  18.6950101415   4.9504814531   74.1237981021   0.0000000000
  18.9415372192   5.0249906340   74.8953995413   0.0000000000
  19.1904456473   5.1002739264   75.6720235941   0.0000000000
  19.4417508376   5.1763363610   76.4536869522   0.0000000000
  19.6954682419   5.2531829856   77.2404062769   0.0000000000
  19.9516133524   5.3308188644   78.0321982001   0.0000000000
  20.2102017025   5.4092490784   78.8290793256   0.0000000000
  20.4712488659   5.4884787250   79.6310662298   0.0000000000
  20.7347704581   5.5685129183   80.4381754628   0.0000000000
  21.0007821354   5.6493567889   81.2504235496   0.0000000000
  21.2692995961   5.7310154838   82.0678269905   0.0000000000
  21.5403385799   5.8134941668   82.8904022627   0.0000000000
  21.8139148688   5.8967980178   83.7181658205   0.0000000000
  22.0900442866   5.9809322333   84.5511340962   0.0000000000
  22.3687426996   6.0659020264   85.3893235012   0.0000000000
  22.6500260164   6.1517126262   86.2327504267   0.0000000000
  22.9339101883   6.2383692785   87.0814312441   0.0000000000
  23.2204112094   6.3258772454   87.9353823059   0.0000000000
  23.5095451166   6.4142418053   88.7946199464   0.0000000000
  23.8013279900   6.5034682529   89.6591604822   0.0000000000
  24.0957759529   6.5935618993   90.5290202131   0.0000000000
  24.3929051717   6.6845280719   91.4042154223   0.0000000000
  24.6927318566   6.7763721141   92.2847623774   0.0000000000
  24.9952722611   6.8690993860   93.1706773304   0.0000000000
  25.3005426825   6.9627152635   94.0619765189   0.0000000000
  25.6085594620   7.0572251391   94.9586761661   0.0000000000
  25.9193389846   7.1526344214   95.8607924813   0.0000000000
  26.2328976796   7.2489485351   96.7683416608   0.0000000000
  26.5492520201   7.3461729211   97.6813398880   0.0000000000
  26.8684185236   7.4443130366   98.5998033339   0.0000000000
  27.1904137521   7.5433743549   99.5237481574   0.0000000000
  27.5152543117   7.6433623654  100.4531905060   0.0000000000
  27.8429568533   7.7442825738  101.3881465160   0.0000000000
  28.1735380724   7.8461405017  102.3286323129   0.0000000000
  28.5070147091   7.9489416870  103.2746640118   0.0000000000
  28.8434035484   8.0526916837  104.2262577178   0.0000000000
  29.1827214199   8.1573960618  105.1834295260   0.0000000000
  29.5249851985   8.2630604075  106.1461955224   0.0000000000
  29.8702118038   8.3696903230  107.1145717837   0.0000000000
  30.2184182007   8.4772914265  108.0885743778   0.0000000000
  30.5696213993   8.5858693525  109.0682193643   0.0000000000
  30.9238384546   8.6954297514  110.0535227943   0.0000000000
  31.2810864672   8.8059782896  111.0445007112   0.0000000000
  31.6413825828   8.9175206497  112.0411691505   0.0000000000
  32.0047439929   9.0300625301  113.0435441404   0.0000000000
  32.3711879340   9.1436096455  114.0516417018   0.0000000000
  32.7407316884   9.2581677263  115.0654778487   0.0000000000
  33.1133925840   9.3737425194  116.0850685883   0.0000000000
  33.4891879941   9.4903397871  117.1104299214   0.0000000000
  33.8681353379   9.6079653081  118.1415778424   0.0000000000
  34.2502520804   9.7266248769  119.1785283395   0.0000000000
  34.6355557320   9.8463243043  120.2212973953   0.0000000000
  35.0240638493   9.9670694166  121.2699009863   0.0000000000
  35.4157940347  10.0888660564  122.3243550837   0.0000000000
  35.8107639364  10.2117200822  123.3846756532   0.0000000000
  36.2089912487  10.3356373685  124.4508786556   0.0000000000
  36.6104937117  10.4606238057  125.5229800463   0.0000000000
  37.0152891117  10.5866853001  126.6009957760   0.0000000000
  37.4233952811  10.7138277740  127.6849417908   0.0000000000
  37.8348300984  10.8420571657  128.7748340319   0.0000000000
  38.2496114880  10.9713794294  129.8706884366   0.0000000000
  38.6677574209  11.1018005353  130.9725209373   0.0000000000
  39.0892859140  11.2333264693  132.0803474627   0.0000000000
  39.5142150306  11.3659632335  133.1941839374   0.0000000000
  39.9425628802  11.4997168458  134.3140462820   0.0000000000
  40.3743476187  11.6345933400  135.4399504133   0.0000000000
  40.8095874483  11.7705987659  136.5719122446   0.0000000000
  41.2483006176  11.9077391890  137.7099476855   0.0000000000
  41.6905054215  12.0460206911  138.8540726423   0.0000000000
  42.1362202014  12.1854493695  140.0043030178   0.0000000000
  42.5854633453  12.3260313376  141.1606547117   0.0000000000
  43.0382532874  12.4677727246  142.3231436206   0.0000000000
  43.4946085086  12.6106796758  143.4917856379   0.0000000000
  43.9545475362  12.7547583522  144.6665966542   0.0000000000
  44.4180889442  12.9000149308  145.8475925572   0.0000000000
  44.8852513531  13.0464556043  147.0347892318   0.0000000000
  45.3560534299  13.1940865815  148.2282025603   0.0000000000
  45.8305138883  13.3429140869  149.4278484223   0.0000000000
  46.3086514888  13.4929443611  150.6337426949   0.0000000000
  46.7904850382  13.6441836604  151.8459012528   0.0000000000
  47.2760333903  13.7966382570  153.0643399682   0.0000000000
  47.7653154455  13.9503144390  154.2890747112   0.0000000000
  48.2583501507  14.1052185104  155.5201213494   0.0000000000
  48.7551564999  14.2613567910  156.7574957485   0.0000000000
  49.2557535336  14.4187356164  158.0012137718   0.0000000000
  49.7601603392  14.5773613383  159.2512912809   0.0000000000
  50.2683960506  14.7372403241  160.5077441351   0.0000000000
  50.7804798489  14.8983789570  161.7705881919   0.0000000000
  51.2964309617  15.0607836362  163.0398393069   0.0000000000
  51.8162686637  15.2244607766  164.3155133340   0.0000000000
  52.3400122761  15.3894168091  165.5976261251   0.0000000000
  52.8676811672  15.5556581804  166.8861935306   0.0000000000
  53.3992947521  15.7231913530  168.1812313993   0.0000000000
  53.9348724929  15.8920228053  169.4827555780   0.0000000000
  54.4744338983  16.0621590315  170.7907819123   0.0000000000
  55.0179985242  16.2336065418  172.1053262462   0.0000000000
  55.5655859732  16.4063718620  173.4264044221   0.0000000000
  56.1172158951  16.5804615338  174.7540322811   0.0000000000
  56.6729079864  16.7558821150  176.0882256628   0.0000000000
  57.2326819905  16.9326401790  177.4290004055   0.0000000000
  57.7965576981  17.1107423149  178.7763723461   0.0000000000
  58.3645549466  17.2901951280  180.1303573204   0.0000000000
  58.9366936203  17.4710052392  181.4909711627   0.0000000000
  59.5129936509  17.6531792852  182.8582297064   0.0000000000
  60.0934750166  17.8367239188  184.2321487834   0.0000000000
  60.6781577430  18.0216458082  185.6127442246   0.0000000000
  61.2670619026  18.2079516379  187.0000318600   0.0000000000
  61.8602076148  18.3956481080  188.3940275181   0.0000000000
  62.4576150461  18.5847419343  189.7947470267   0.0000000000
  63.0593044103  18.7752398486  191.2022062124   0.0000000000
  63.6652959679  18.9671485985  192.6164209008   0.0000000000
  64.2756100267  19.1604749475  194.0374069168   0.0000000000
  64.8902669414  19.3552256747  195.4651800839   0.0000000000
  65.5092871139  19.5514075753  196.8997562250   0.0000000000
  66.1326909931  19.7490274601  198.3411511622   0.0000000000
  66.7604990751  19.9480921558  199.7893807165   0.0000000000
  67.3927319030  20.1486085050  201.2444607082   0.0000000000
  68.0294100671  20.3505833660  202.7064069566   0.0000000000
  68.6705542046  20.5540236130  204.1752352805   0.0000000000
  69.3161850001  20.7589361359  205.6509614976   0.0000000000
  69.9663231851  20.9653278405  207.1336014252   0.0000000000
  70.6209895385  21.1732056486  208.6231708796   0.0000000000
  71.2802048860  21.3825764974  210.1196856765   0.0000000000
  71.9439901006  21.5934473403  211.6231616309   0.0000000000
  72.6123661025  21.8058251463  213.1336145571   0.0000000000
  73.2853538589  22.0197169003  214.6510602687   0.0000000000
  73.9629743845  22.2351296031  216.1755145787   0.0000000000
  74.6452487407  22.4520702710  217.7069932996   0.0000000000
  75.3321980363  22.6705459364  219.2455122432   0.0000000000
  76.0238434273  22.8905636475  220.7910872205   0.0000000000
  76.7202061169  23.1121304681  222.3437340424   0.0000000000
  77.4213073554  23.3352534781  223.9034685188   0.0000000000
  78.1271684402  23.5599397730  225.4703064593   0.0000000000
  78.8378107160  23.7861964641  227.0442636729   0.0000000000
  79.5532555748  24.0140306787  228.6253559680   0.0000000000
  80.2735244556  24.2434495597  230.2135991527   0.0000000000
  80.9986388448  24.4744602659  231.8090090344   0.0000000000
  81.7286202757  24.7070699719  233.4116014202   0.0000000000
  82.4634903291  24.9412858682  235.0213921166   0.0000000000
  83.2032706330  25.1771151609  236.6383969297   0.0000000000
  83.9479828624  25.4145650720  238.2626316653   0.0000000000
  84.6976487397  25.6536428394  239.8941121284   0.0000000000
  85.4522900344  25.8943557168  241.5328541241   0.0000000000
  86.2119285635  26.1367109735  243.1788734566   0.0000000000
  86.9765861909  26.3807158947  244.8321859300   0.0000000000
  87.7462848278  26.6263777816  246.4928073480   0.0000000000
  88.5210464329  26.8737039510  248.1607535138   0.0000000000
  89.3008930118  27.1227017355  249.8360402302   0.0000000000
  90.0858466175  27.3733784836  251.5186832999   0.0000000000
  90.8759293502  27.6257415595  253.2086985250   0.0000000000
  91.6711633575  27.8797983433  254.9061017074   0.0000000000
  92.4715708340  28.1355562308  256.6109086486   0.0000000000
  93.2771740218  28.3930226338  258.3231351498   0.0000000000
  94.0879952100  28.6522049796  260.0427970118   0.0000000000
  94.9040567352  28.9131107115  261.7699100353   0.0000000000
  95.7253809811  29.1757472886  263.5044900206   0.0000000000
  96.5519903788  29.4401221858  265.2465527676   0.0000000000
  97.3839074065  29.7062428937  266.9961140760   0.0000000000
  98.2211545898  29.9741169188  268.7531897453   0.0000000000
  99.0637545014  30.2437517832  270.5177955746   0.0000000000
  99.9117297616  30.5151550252  272.2899473629   0.0000000000
 100.7651030376  30.7883341986  274.0696609087   0.0000000000
 101.6238970442  31.0632968729  275.8569520106   0.0000000000
 102.4881345432  31.3400506337  277.6518364665   0.0000000000
 103.3578383438  31.6186030822  279.4543300745   0.0000000000
 104.2330313025  31.8989618355  281.2644486321   0.0000000000
 105.1137363230  32.1811345264  283.0822079370   0.0000000000
 105.9999763566  32.4651288035  284.9076237862   0.0000000000
 106.8917744013  32.7509523314  286.7407119769   0.0000000000
 107.7891535030  33.0386127902  288.5814883058   0.0000000000
 108.6921367545  33.3281178760  290.4299685695   0.0000000000
 109.6007472960  33.6194753006  292.2861685644   0.0000000000
 110.5150083150  33.9126927916  294.1501040868   0.0000000000
 111.4349430463  34.2077780925  296.0217909327   0.0000000000
 112.3605747721  34.5047389625  297.9012448978   0.0000000000
 113.2919268217  34.8035831766  299.7884817779   0.0000000000
 114.2290225717  35.1043185257  301.6835173685   0.0000000000
 115.1718854463  35.4069528162  303.5863674647   0.0000000000
 116.1205389166  35.7114938707  305.4970478618   0.0000000000
 117.0750065013  36.0179495273  307.4155743547   0.0000000000
 118.0353117664  36.3263276400  309.3419627383   0.0000000000
 119.0014783249  36.6366360787  311.2762288071   0.0000000000
 119.9735298374  36.9488827288  313.2183883557   0.0000000000
 120.9514900118  37.2630754918  315.1684571785   0.0000000000
 121.9353826032  37.5792222849  317.1264510696   0.0000000000
 122.9252314139  37.8973310409  319.0923858231   0.0000000000
 123.9210602939  38.2174097087  321.0662772330   0.0000000000
 124.9228931402  38.5394662529  323.0481410929   0.0000000000
 125.9307538970  38.8635086537  325.0379931966   0.0000000000
 126.9446665563  39.1895449073  327.0358493376   0.0000000000
 127.9646551568  39.5175830256  329.0417253093   0.0000000000
 128.9907437851  39.8476310364  331.0556369050   0.0000000000
 130.0229565748  40.1796969832  333.0775999178   0.0000000000
 131.0613177067  40.5137889253  335.1076301407   0.0000000000
 132.1058514093  40.8499149378  337.1457433668   0.0000000000
 133.1565819581  41.1880831117  339.1919553887   0.0000000000
 134.2135336761  41.5283015535  341.2462819992   0.0000000000
 135.2767309335  41.8705783858  343.3087389910   0.0000000000
 136.3461981480  42.2149217469  345.3793421563   0.0000000000
 137.4219597843  42.5613397908  347.4581072878   0.0000000000
 138.5040403548  42.9098406873  349.5450501776   0.0000000000
 139.5924644190  43.2604326223  351.6401866179   0.0000000000
 140.6872565838  43.6131237970  353.7435324009   0.0000000000
 141.7884415034  43.9679224288  355.8551033185   0.0000000000
 142.8960438794  44.3248367506  357.9749151626   0.0000000000
 144.0100884606  44.6838750114  360.1029837251   0.0000000000
 145.1306000432  45.0450454756  362.2393247977   0.0000000000
 146.2576034707  45.4083564237  364.3839541720   0.0000000000
 147.3911236341  45.7738161520  366.5368876396   0.0000000000
 148.5311854715  46.1414329723  368.6981409920   0.0000000000
 149.6778139684  46.5112152125  370.8677300206   0.0000000000
 150.8310341577  46.8831712162  373.0456705168   0.0000000000
 151.9908711196  47.2573093426  375.2319782716   0.0000000000
 153.1573499816  47.6336379671  377.4266690765   0.0000000000
 154.3304959186  48.0121654804  379.6297587223   0.0000000000
 155.5103341528  48.3929002894  381.8412630003   0.0000000000
 156.6968899536  48.7758508165  384.0611977013   0.0000000000
 157.8901886381  49.1610255002  386.2895786162   0.0000000000
 159.0902555703  49.5484327944  388.5264215359   0.0000000000
 160.2971161619  49.9380811692  390.7717422511   0.0000000000
 161.5107958717  50.3299791101  393.0255565526   0.0000000000
 162.7313202059  50.7241351188  395.2878802309   0.0000000000
 163.9587147182  51.1205577123  397.5587290767   0.0000000000
 165.1930050093  51.5192554239  399.8381188804   0.0000000000
 166.4342167276  51.9202368023  402.1260654326   0.0000000000
 167.6823755686  52.3235104123  404.4225845236   0.0000000000
 168.9375072752  52.7290848342  406.7276919438   0.0000000000
 170.1996376378  53.1369686642  409.0414034835   0.0000000000
 171.4687924939  53.5471705144  411.3637349329   0.0000000000
 172.7449977284  53.9596990126  413.6947020822   0.0000000000
 174.0282792737  54.3745628024  416.0343207215   0.0000000000
 175.3186631094  54.7917705432  418.3826066410   0.0000000000
 176.6161752625  55.2113309101  420.7395756307   0.0000000000
 177.9208418072  55.6332525941  423.1052434805   0.0000000000
 179.2326888653  56.0575443019  425.4796259805   0.0000000000
 180.5517426058  56.4842147562  427.8627389205   0.0000000000
 181.8780292450  56.9132726952  430.2545980903   0.0000000000
 183.2115750466  57.3447268730  432.6552192798   0.0000000000
 184.5524063216  57.7785860597  435.0646182788   0.0000000000
 185.9005494286  58.2148590408  437.4828108770   0.0000000000
 187.2560307731  58.6535546179  439.9098128640   0.0000000000
 188.6188768083  59.0946816082  442.3456400296   0.0000000000
 189.9891140347  59.5382488449  444.7903081633   0.0000000000
 191.3667689999  59.9842651768  447.2438330547   0.0000000000
 192.7518682992  60.4327394685  449.7062304933   0.0000000000
 194.1444385749  60.8836806006  452.1775162686   0.0000000000
 195.5445065170  61.3370974691  454.6577061702   0.0000000000
 196.9520988626  61.7929989862  457.1468159873   0.0000000000
 198.3672423962  62.2513940797  459.6448615095   0.0000000000
 199.7899639497  62.7122916931  462.1518585260   0.0000000000
 201.2202904023  63.1757007858  464.6678228261   0.0000000000
 202.6582486805  63.6416303331  467.1927701993   0.0000000000
 204.1038657584  64.1100893258  469.7267164347   0.0000000000
 205.5571686571  64.5810867708  472.2696773215   0.0000000000
 207.0181844453  65.0546316906  474.8216686490   0.0000000000
 208.4869402389  65.5307331235  477.3827062063   0.0000000000
 209.9634632013  66.0094001237  479.9528057826   0.0000000000
 211.4477805432  66.4906417610  482.5319831670   0.0000000000
 212.9399195225  66.9744671212  485.1202541485   0.0000000000
 214.4399074446  67.4608853058  487.7176345163   0.0000000000
 215.9477716623  67.9499054320  490.3241400592   0.0000000000
 217.4635395756  68.4415366329  492.9397865665   0.0000000000
 218.9872386321  68.9357880574  495.5645898269   0.0000000000
 220.5188963263  69.4326688701  498.1985656295   0.0000000000
 222.0585402006  69.9321882514  500.8417297633   0.0000000000
 223.6061978443  70.4343553976  503.4940980170   0.0000000000
 225.1618968943  70.9391795208  506.1556861796   0.0000000000
 226.7256650349  71.4466698486  508.8265100400   0.0000000000
 228.2975299974  71.9568356247  511.5065853869   0.0000000000
 229.8775195610  72.4696861084  514.1959280092   0.0000000000
 231.4656615517  72.9852305750  516.8945536957   0.0000000000
 233.0619838433  73.5034783154  519.6024782351   0.0000000000
 234.6665143566  74.0244386364  522.3197174162   0.0000000000
 236.2792810600  74.5481208604  525.0462870278   0.0000000000
 237.9003119692  75.0745343258  527.7822028584   0.0000000000
 239.5296351472  75.6036883868  530.5274806969   0.0000000000
 241.1672787043  76.1355924132  533.2821363318   0.0000000000
 242.8132707983  76.6702557907  536.0461855519   0.0000000000
 244.4676396343  77.2076879207  538.8196441457   0.0000000000
 246.1304134647  77.7478982207  541.6025279019   0.0000000000
 247.8016205893  78.2908961235  544.3948526091   0.0000000000
 249.4812893553  78.8366910781  547.1966340558   0.0000000000
 251.1694481572  79.3852925491  550.0078880306   0.0000000000
 252.8661254369  79.9367100170  552.8286303221   0.0000000000
 254.5713496835  80.4909529778  555.6588767187   0.0000000000
 256.2851494337  81.0480309437  558.4986430090   0.0000000000
 258.0075532714  81.6079534424  561.3479449814   0.0000000000
 259.7385898278  82.1707300175  564.2067984246   0.0000000000
 261.4782877816  82.7363702283  567.0752191268   0.0000000000
 263.2266758589  83.3048836501  569.9532228766   0.0000000000
 264.9837828329  83.8762798737  572.8408254624   0.0000000000
 266.7496375244  84.4505685059  575.7380426727   0.0000000000
 268.5242688015  85.0277591692  578.6448902957   0.0000000000
 270.3077055796  85.6078615019  581.5613841200   0.0000000000
 272.0999768214  86.1908851581  584.4875399339   0.0000000000
 273.9011115372  86.7768398077  587.4233735258   0.0000000000
 275.7111387843  87.3657351363  590.3689006840   0.0000000000
 277.5300876678  87.9575808455  593.3241371969   0.0000000000
 279.3579873397  88.5523866524  596.2890988527   0.0000000000
 281.1948669996  89.1501622902  599.2638014398   0.0000000000
 283.0407558946  89.7509175076  602.2482607466   0.0000000000
 284.8956833188  90.3546620692  605.2424925613   0.0000000000
 286.7596786139  90.9614057554  608.2465126721   0.0000000000
 288.6327711690  91.5711583626  611.2603368674   0.0000000000
 290.5149904203  92.1839297025  614.2839809354   0.0000000000
 292.4063658516  92.7997296030  617.3174606644   0.0000000000
 294.3069269940  93.4185679076  620.3607918425   0.0000000000
 296.2167034258  94.0404544757  623.4139902581   0.0000000000
 298.1357247730  94.6653991825  626.4770716993   0.0000000000
 300.0640207086  95.2934119187  629.5500519544   0.0000000000
 302.0016209532  95.9245025913  632.6329468115   0.0000000000
 303.9485552746  96.5586811225  635.7257720588   0.0000000000
 305.9048534880  97.1959574508  638.8285434845   0.0000000000
 307.8705454560  97.8363415301  641.9412768768   0.0000000000
 309.8456610887  98.4798433304  645.0639880238   0.0000000000
 311.8302303432  99.1264728373  648.1966927137   0.0000000000
 313.8242832242  99.7762400523  651.3394067347   0.0000000000
 315.8278497838 100.4291549925  654.4921458747   0.0000000000
 317.8409601213 101.0852276910  657.6549259221   0.0000000000
 319.8636443835 101.7444681966  660.8277626648   0.0000000000
 321.8959327645 102.4068865738  664.0106718910   0.0000000000
 323.9378555057 103.0724929031  667.2036693888   0.0000000000
 325.9894428959 103.7412972806  670.4067709463   0.0000000000
 328.0507252714 104.4133098183  673.6199923516   0.0000000000
 330.1217330156 105.0885406439  676.8433493927   0.0000000000
 332.2024965595 105.7669999009  680.0768578577   0.0000000000
 334.2930463812 106.4486977487  683.3205335347   0.0000000000
 336.3934130065 107.1336443623  686.5743922118   0.0000000000
 338.5036270082 107.8218499327  689.8384496769   0.0000000000
 340.6237190068 108.5133246665  693.1127217181   0.0000000000
 342.7537196699 109.2080787863  696.3972241234   0.0000000000
 344.8936597125 109.9061225302  699.6919726810   0.0000000000
 347.0435698971 110.6074661523  702.9969831787   0.0000000000
 349.2034810334 111.3121199224  706.3122714047   0.0000000000
 351.3734239786 112.0200941262  709.6378531468   0.0000000000
 353.5534296372 112.7313990652  712.9737441932   0.0000000000
 355.7435289610 113.4460450563  716.3199603318   0.0000000000
 357.9437529492 114.1640424328  719.6765173506   0.0000000000
 360.1541326484 114.8854015433  723.0434310375   0.0000000000
 362.3746991525 115.6101327523  726.4207171807   0.0000000000
 364.6054836029 116.3382464404  729.8083915679   0.0000000000
 366.8465171881 117.0697530035  733.2064699873   0.0000000000
 369.0978311442 117.8046628536  736.6149682267   0.0000000000
 371.3594567546 118.5429864185  740.0339020742   0.0000000000
 373.6314253500 119.2847341416  743.4632873176   0.0000000000
 375.9137683084 120.0299164822  746.9031397449   0.0000000000
 378.2065170554 120.7785439154  750.3534751441   0.0000000000
 380.5097030638 121.5306269320  753.8143093030   0.0000000000
 382.8233578536 122.2861760388  757.2856580097   0.0000000000
 385.1475129926 123.0452017582  760.7675370520   0.0000000000
 387.4822000955 123.8077146283  764.2599622179   0.0000000000
 389.8274508246 124.5737252032  767.7629492953   0.0000000000
 392.1832968895 125.3432440528  771.2765140720   0.0000000000
 394.5497700473 126.1162817626  774.8006723361   0.0000000000
 396.9269021022 126.8928489339  778.3354398753   0.0000000000
 399.3147249060 127.6729561840  781.8808324777   0.0000000000
 401.7132703577 128.4566141458  785.4368659310   0.0000000000
 404.1225704037 129.2438334681  789.0035560233   0.0000000000
 406.5426570378 130.0346248153  792.5809185423   0.0000000000
 408.9735623012 130.8289988679  796.1689692760   0.0000000000
 411.4153182824 131.6269663219  799.7677240122   0.0000000000
 413.8679571172 132.4285378892  803.3771985388   0.0000000000
 416.3315109888 133.2337242975  806.9974086436   0.0000000000
 418.8060121279 134.0425362903  810.6283701147   0.0000000000
 421.2914928124 134.8549846268  814.2700987397   0.0000000000
 423.7879853677 135.6710800820  817.9226103066   0.0000000000
 426.2955221662 136.4908334469  821.5859206032   0.0000000000
 428.8141356282 137.3142555281  825.2600454174   0.0000000000
 431.3438582210 138.1413571479  828.9450005370   0.0000000000
 433.8847224594 138.9721491445  832.6408017499   0.0000000000
 436.4367609054 139.8066423720  836.3474648439   0.0000000000
 439.0000061686 140.6448477001  840.0650056068   0.0000000000
 441.5744909058 141.4867760144  843.7934398266   0.0000000000
 444.1602478212 142.3324382162  847.5327832909   0.0000000000
 446.7573096663 143.1818452226  851.2830517877   0.0000000000
 449.3657092401 144.0350079667  855.0442611048   0.0000000000
 451.9854793888 144.8919373970  858.8164270300   0.0000000000
 454.6166530062 145.7526444782  862.5995653511   0.0000000000
 457.2592630331 146.6171401905  866.3936918560   0.0000000000
 459.9133424581 147.4854355299  870.1988223324   0.0000000000
 462.5789243167 148.3575415084  874.0149725681   0.0000000000
 465.2560416922 149.2334691536  877.8421583511   0.0000000000
 467.9447277149 150.1132295089  881.6803954690   0.0000000000
 470.6450155627 150.9968336335  885.5296997097   0.0000000000
 473.3569384607 151.8842926026  889.3900868610   0.0000000000
 476.0805296815 152.7756175068  893.2615727107   0.0000000000
 478.8158225450 153.6708194529  897.1441730466   0.0000000000
 481.5628504184 154.5699095630  901.0379036565   0.0000000000
 484.3216467165 155.4728989755  904.9427803281   0.0000000000
 487.0922449010 156.3797988443  908.8588188493   0.0000000000
 489.8746784815 157.2906203391  912.7860350079   0.0000000000
 492.6689810145 158.2053746455  916.7244445915   0.0000000000
 495.4751861043 159.1240729647  920.6740633881   0.0000000000
 498.2933274021 160.0467265139  924.6349071854   0.0000000000
 501.1234386069 160.9733465260  928.6069917712   0.0000000000
 503.9655534647 161.9039442496  932.5903329332   0.0000000000
 506.8197057691 162.8385309493  936.5849464593   0.0000000000
 509.6859293609 163.7771179053  940.5908481371   0.0000000000
 512.5642581285 164.7197164136  944.6080537546   0.0000000000
 515.4547260073 165.6663377860  948.6365790993   0.0000000000
 518.3573669804 166.6169933503  952.6764399592   0.0000000000
 521.2722150781 167.5716944497  956.7276521219   0.0000000000
 524.1993043780 168.5304524435  960.7902313752   0.0000000000
 527.1386690053 169.4932787067  964.8641935070   0.0000000000
 530.0903431323 170.4601846301  968.9495543048   0.0000000000
 533.0543609788 171.4311816202  973.0463295566   0.0000000000
 536.0307568120 172.4062810993  977.1545350501   0.0000000000
 539.0195649463 173.3854945056  981.2741865729   0.0000000000
 542.0208197436 174.3688332931  985.4052999129   0.0000000000
 545.0345556132 175.3563089313  989.5478908578   0.0000000000
 548.0608070116 176.3479329059  993.7019751954   0.0000000000
 551.0996084427 177.3437167181  997.8675687134   0.0000000000
 554.1509944579 178.3436718850 1002.0446871995   0.0000000000
 557.2149996558 179.3478099394 1006.2333464415   0.0000000000
 560.2916586825 180.3561424300 1010.4335622272   0.0000000000
 563.3810062313 181.3686809213 1014.6453503442   0.0000000000
 566.4830770431 182.3854369934 1018.8687265804   0.0000000000
 569.5979059059 183.4064222424 1023.1037067234   0.0000000000
 572.7255276553 184.4316482801 1027.3503065609   0.0000000000
 575.8659771740 185.4611267341 1031.6085418808   0.0000000000
 579.0192893923 186.4948692476 1035.8784284708   0.0000000000
 582.1854992877 187.5328874800 1040.1599821185   0.0000000000
 585.3646418851 188.5751931062 1044.4532186117   0.0000000000
 588.5567522570 189.6217978168 1048.7581537382   0.0000000000
 591.7618655228 190.6727133184 1053.0748032856   0.0000000000
 594.9800168496 191.7279513334 1057.4031830418   0.0000000000
 598.2112414519 192.7875235999 1061.7433087943   0.0000000000
 601.4555745913 193.8514418716 1066.0951963310   0.0000000000
 604.7130515770 194.9197179184 1070.4588614396   0.0000000000
 607.9837077654 195.9923635256 1074.8343199077   0.0000000000
 611.2675785603 197.0693904946 1079.2215875231   0.0000000000
 614.5646994129 198.1508106423 1083.6206800736   0.0000000000
 617.8751058218 199.2366358016 1088.0316133468   0.0000000000
 621.1988333329 200.3268778212 1092.4544031305   0.0000000000
 624.5359175395 201.4215485653 1096.8890652123   0.0000000000
 627.8863940822 202.5206599143 1101.3356153800   0.0000000000
 631.2502986490 203.6242237640 1105.7940694213   0.0000000000
 634.6276669753 204.7322520263 1110.2644431239   0.0000000000
 638.0185348438 205.8447566288 1114.7467522755   0.0000000000
 641.4229380846 206.9617495146 1119.2410126639   0.0000000000
 644.8409125751 208.0832426431 1123.7472400767   0.0000000000
 648.2724942402 209.2092479891 1128.2654503016   0.0000000000
 651.7177190519 210.3397775432 1132.7956591264   0.0000000000
 655.1766230300 211.4748433121 1137.3378823387   0.0000000000
 658.6492422412 212.6144573180 1141.8921357263   0.0000000000
 662.1356127999 213.7586315989 1146.4584350769   0.0000000000
 665.6357708676 214.9073782087 1151.0367961781   0.0000000000
 669.1497526533 216.0607092171 1155.6272348177   0.0000000000
 672.6775944134 217.2186367095 1160.2297667834   0.0000000000
 676.2193324516 218.3811727870 1164.8444078628   0.0000000000
 679.7750031190 219.5483295668 1169.4711738437   0.0000000000
 683.3446428140 220.7201191816 1174.1100805138   0.0000000000
 686.9282879824 221.8965537800 1178.7611436607   0.0000000000
 690.5259751174 223.0776455264 1183.4243790722   0.0000000000
 694.1377407595 224.2634066008 1188.0998025360   0.0000000000
 697.7636214965 225.4538491994 1192.7874298396   0.0000000000
 701.4036539638 226.6489855337 1197.4872767710   0.0000000000
 705.0578748439 227.8488278314 1202.1993591177   0.0000000000
 708.7263208669 229.0533883357 1206.9236926674   0.0000000000
 712.4090288099 230.2626793057 1211.6602932078   0.0000000000
 716.1060354979 231.4767130164 1216.4091765266   0.0000000000
 719.8173778027 232.6955017583 1221.1703584116   0.0000000000
 723.5430926439 233.9190578380 1225.9438546503   0.0000000000
 727.2832169882 235.1473935776 1230.7296810305   0.0000000000
 731.0377878498 236.3805213153 1235.5278533399   0.0000000000
 734.8068422902 237.6184534049 1240.3383873662   0.0000000000
 738.5904174182 238.8612022159 1245.1612988969   0.0000000000
 742.3885503901 240.1087801338 1249.9966037199   0.0000000000
 746.2012784095 241.3611995597 1254.8443176229   0.0000000000
 750.0286387273 242.6184729107 1259.7044563934   0.0000000000
 753.8706686420 243.8806126194 1264.5770358192   0.0000000000
 757.7274054991 245.1476311344 1269.4620716880   0.0000000000
 761.5988866917 246.4195409202 1274.3595797874   0.0000000000
 765.4851496602 247.6963544567 1279.2695759052   0.0000000000
 769.3862318924 248.9780842399 1284.1920758289   0.0000000000
 773.3021709235 250.2647427815 1289.1270953464   0.0000000000
 777.2330043359 251.5563426091 1294.0746502452   0.0000000000
 781.1787697595 252.8528962658 1299.0347563131   0.0000000000
 785.1395048715 254.1544163107 1304.0074293377   0.0000000000
 789.1152473965 255.4609153187 1308.9926851068   0.0000000000
 793.1060351065 256.7724058804 1313.9905394079   0.0000000000
