  1.00000000000000002E-003
  2.00000000000000004E-003         501
     1.0010000000     0.1548898965     6.4237205739  0.0000000000  0.0000000000
     0.9990000000     0.1545962934     6.4126043983  0.0000000000  0.0000000000
     0.9970000000     0.1543026800     6.4014853940  0.0000000000  0.0000000000
     0.9950000000     0.1540090563     6.3903635537  0.0000000000  0.0000000000
     0.9930000000     0.1537154221     6.3792388708  0.0000000000  0.0000000000
     0.9910000000     0.1534217775     6.3681113389  0.0000000000  0.0000000000
     0.9890000000     0.1531281223     6.3569809513  0.0000000000  0.0000000000
     0.9870000000     0.1528344566     6.3458477016  0.0000000000  0.0000000000
     0.9850000000     0.1525407802     6.3347115831  0.0000000000  0.0000000000
     0.9830000000     0.1522470931     6.3235725892  0.0000000000  0.0000000000
     0.9810000000     0.1519533951     6.3124307132  0.0000000000  0.0000000000
     0.9790000000     0.1516596864     6.3012859484  0.0000000000  0.0000000000
     0.9770000000     0.1513659667     6.2901382882  0.0000000000  0.0000000000
     0.9750000000     0.1510722361     6.2789877257  0.0000000000  0.0000000000
     0.9730000000     0.1507784944     6.2678342542  0.0000000000  0.0000000000
     0.9710000000     0.1504847416     6.2566778669  0.0000000000  0.0000000000
     0.9690000000     0.1501909777     6.2455185570  0.0000000000  0.0000000000
     0.9670000000     0.1498972025     6.2343563175  0.0000000000  0.0000000000
     0.9650000000     0.1496034160     6.2231911416  0.0000000000  0.0000000000
     0.9630000000     0.1493096182     6.2120230223  0.0000000000  0.0000000000
     0.9610000000     0.1490158089     6.2008519528  0.0000000000  0.0000000000
     0.9590000000     0.1487219881     6.1896779259  0.0000000000  0.0000000000
     0.9570000000     0.1484281558     6.1785009346  0.0000000000  0.0000000000
     0.9550000000     0.1481343119     6.1673209720  0.0000000000  0.0000000000
     0.9530000000     0.1478404562     6.1561380309  0.0000000000  0.0000000000
     0.9510000000     0.1475465888     6.1449521042  0.0000000000  0.0000000000
     0.9490000000     0.1472527095     6.1337631847  0.0000000000  0.0000000000
     0.9470000000     0.1469588184     6.1225712652  0.0000000000  0.0000000000
     0.9450000000     0.1466649152     6.1113763386  0.0000000000  0.0000000000
     0.9430000000     0.1463710001     6.1001783976  0.0000000000  0.0000000000
     0.9410000000     0.1460770728     6.0889774349  0.0000000000  0.0000000000
     0.9390000000     0.1457831333     6.0777734431  0.0000000000  0.0000000000
     0.9370000000     0.1454891816     6.0665664150  0.0000000000  0.0000000000
     0.9350000000     0.1451952175     6.0553563431  0.0000000000  0.0000000000
     0.9330000000     0.1449012410     6.0441432200  0.0000000000  0.0000000000
     0.9310000000     0.1446072521     6.0329270383  0.0000000000  0.0000000000
     0.9290000000     0.1443132507     6.0217077904  0.0000000000  0.0000000000
     0.9270000000     0.1440192366     6.0104854689  0.0000000000  0.0000000000
     0.9250000000     0.1437252098     5.9992600661  0.0000000000  0.0000000000
     0.9230000000     0.1434311702     5.9880315746  0.0000000000  0.0000000000
     0.9210000000     0.1431371179     5.9767999866  0.0000000000  0.0000000000
     0.9190000000     0.1428430526     5.9655652944  0.0000000000  0.0000000000
     0.9170000000     0.1425489743     5.9543274905  0.0000000000  0.0000000000
     0.9150000000     0.1422548829     5.9430865670  0.0000000000  0.0000000000
     0.9130000000     0.1419607784     5.9318425161  0.0000000000  0.0000000000
     0.9110000000     0.1416666607     5.9205953301  0.0000000000  0.0000000000
     0.9090000000     0.1413725297     5.9093450011  0.0000000000  0.0000000000
     0.9070000000     0.1410783853     5.8980915212  0.0000000000  0.0000000000
     0.9050000000     0.1407842275     5.8868348824  0.0000000000  0.0000000000
     0.9030000000     0.1404900561     5.8755750769  0.0000000000  0.0000000000
     0.9010000000     0.1401958711     5.8643120966  0.0000000000  0.0000000000
     0.8990000000     0.1399016725     5.8530459335  0.0000000000  0.0000000000
     0.8970000000     0.1396074600     5.8417765794  0.0000000000  0.0000000000
     0.8950000000     0.1393132337     5.8305040264  0.0000000000  0.0000000000
     0.8930000000     0.1390189935     5.8192282661  0.0000000000  0.0000000000
     0.8910000000     0.1387247393     5.8079492905  0.0000000000  0.0000000000
     0.8890000000     0.1384304710     5.7966670912  0.0000000000  0.0000000000
     0.8870000000     0.1381361884     5.7853816601  0.0000000000  0.0000000000
     0.8850000000     0.1378418917     5.7740929887  0.0000000000  0.0000000000
     0.8830000000     0.1375475806     5.7628010687  0.0000000000  0.0000000000
     0.8810000000     0.1372532550     5.7515058918  0.0000000000  0.0000000000
     0.8790000000     0.1369589149     5.7402074495  0.0000000000  0.0000000000
     0.8770000000     0.1366645603     5.7289057332  0.0000000000  0.0000000000
     0.8750000000     0.1363701909     5.7176007345  0.0000000000  0.0000000000
     0.8730000000     0.1360758068     5.7062924448  0.0000000000  0.0000000000
     0.8710000000     0.1357814078     5.6949808555  0.0000000000  0.0000000000
     0.8690000000     0.1354869939     5.6836659580  0.0000000000  0.0000000000
     0.8670000000     0.1351925650     5.6723477435  0.0000000000  0.0000000000
     0.8650000000     0.1348981209     5.6610262033  0.0000000000  0.0000000000
     0.8630000000     0.1346036616     5.6497013286  0.0000000000  0.0000000000
     0.8610000000     0.1343091870     5.6383731106  0.0000000000  0.0000000000
     0.8590000000     0.1340146970     5.6270415404  0.0000000000  0.0000000000
     0.8570000000     0.1337201915     5.6157066091  0.0000000000  0.0000000000
     0.8550000000     0.1334256705     5.6043683078  0.0000000000  0.0000000000
     0.8530000000     0.1331311338     5.5930266274  0.0000000000  0.0000000000
     0.8510000000     0.1328365813     5.5816815589  0.0000000000  0.0000000000
     0.8490000000     0.1325420130     5.5703330932  0.0000000000  0.0000000000
     0.8470000000     0.1322474287     5.5589812210  0.0000000000  0.0000000000
     0.8450000000     0.1319528284     5.5476259334  0.0000000000  0.0000000000
     0.8430000000     0.1316582120     5.5362672209  0.0000000000  0.0000000000
     0.8410000000     0.1313635793     5.5249050743  0.0000000000  0.0000000000
     0.8390000000     0.1310689303     5.5135394843  0.0000000000  0.0000000000
     0.8370000000     0.1307742649     5.5021704415  0.0000000000  0.0000000000
     0.8350000000     0.1304795829     5.4907979365  0.0000000000  0.0000000000
     0.8330000000     0.1301848844     5.4794219597  0.0000000000  0.0000000000
     0.8310000000     0.1298901691     5.4680425017  0.0000000000  0.0000000000
     0.8290000000     0.1295954370     5.4566595528  0.0000000000  0.0000000000
     0.8270000000     0.1293006880     5.4452731034  0.0000000000  0.0000000000
     0.8250000000     0.1290059219     5.4338831439  0.0000000000  0.0000000000
     0.8230000000     0.1287111387     5.4224896645  0.0000000000  0.0000000000
     0.8210000000     0.1284163384     5.4110926555  0.0000000000  0.0000000000
     0.8190000000     0.1281215207     5.3996921069  0.0000000000  0.0000000000
     0.8170000000     0.1278266855     5.3882880090  0.0000000000  0.0000000000
     0.8150000000     0.1275318328     5.3768803516  0.0000000000  0.0000000000
     0.8130000000     0.1272369625     5.3654691250  0.0000000000  0.0000000000
     0.8110000000     0.1269420745     5.3540543190  0.0000000000  0.0000000000
     0.8090000000     0.1266471686     5.3426359235  0.0000000000  0.0000000000
     0.8070000000     0.1263522447     5.3312139284  0.0000000000  0.0000000000
     0.8050000000     0.1260573028     5.3197883234  0.0000000000  0.0000000000
     0.8030000000     0.1257623427     5.3083590983  0.0000000000  0.0000000000
     0.8010000000     0.1254673643     5.2969262428  0.0000000000  0.0000000000
     0.7990000000     0.1251723675     5.2854897465  0.0000000000  0.0000000000
     0.7970000000     0.1248773522     5.2740495989  0.0000000000  0.0000000000
     0.7950000000     0.1245823184     5.2626057896  0.0000000000  0.0000000000
     0.7930000000     0.1242872657     5.2511583080  0.0000000000  0.0000000000
     0.7910000000     0.1239921943     5.2397071435  0.0000000000  0.0000000000
     0.7890000000     0.1236971039     5.2282522855  0.0000000000  0.0000000000
     0.7870000000     0.1234019944     5.2167937232  0.0000000000  0.0000000000
     0.7850000000     0.1231068657     5.2053314459  0.0000000000  0.0000000000
     0.7830000000     0.1228117178     5.1938654426  0.0000000000  0.0000000000
     0.7810000000     0.1225165504     5.1823957026  0.0000000000  0.0000000000
     0.7790000000     0.1222213635     5.1709222148  0.0000000000  0.0000000000
     0.7770000000     0.1219261569     5.1594449682  0.0000000000  0.0000000000
     0.7750000000     0.1216309306     5.1479639518  0.0000000000  0.0000000000
     0.7730000000     0.1213356844     5.1364791543  0.0000000000  0.0000000000
     0.7710000000     0.1210404181     5.1249905646  0.0000000000  0.0000000000
     0.7690000000     0.1207451318     5.1134981714  0.0000000000  0.0000000000
     0.7670000000     0.1204498251     5.1020019634  0.0000000000  0.0000000000
     0.7650000000     0.1201544981     5.0905019292  0.0000000000  0.0000000000
     0.7630000000     0.1198591506     5.0789980572  0.0000000000  0.0000000000
     0.7610000000     0.1195637825     5.0674903360  0.0000000000  0.0000000000
     0.7590000000     0.1192683936     5.0559787540  0.0000000000  0.0000000000
     0.7570000000     0.1189729838     5.0444632995  0.0000000000  0.0000000000
     0.7550000000     0.1186775530     5.0329439607  0.0000000000  0.0000000000
     0.7530000000     0.1183821011     5.0214207260  0.0000000000  0.0000000000
     0.7510000000     0.1180866279     5.0098935833  0.0000000000  0.0000000000
     0.7490000000     0.1177911332     4.9983625208  0.0000000000  0.0000000000
     0.7470000000     0.1174956171     4.9868275265  0.0000000000  0.0000000000
     0.7450000000     0.1172000793     4.9752885883  0.0000000000  0.0000000000
     0.7430000000     0.1169045197     4.9637456940  0.0000000000  0.0000000000
     0.7410000000     0.1166089381     4.9521988315  0.0000000000  0.0000000000
     0.7390000000     0.1163133345     4.9406479884  0.0000000000  0.0000000000
     0.7370000000     0.1160177087     4.9290931524  0.0000000000  0.0000000000
     0.7350000000     0.1157220605     4.9175343110  0.0000000000  0.0000000000
     0.7330000000     0.1154263899     4.9059714518  0.0000000000  0.0000000000
     0.7310000000     0.1151306966     4.8944045622  0.0000000000  0.0000000000
     0.7290000000     0.1148349806     4.8828336294  0.0000000000  0.0000000000
     0.7270000000     0.1145392416     4.8712586409  0.0000000000  0.0000000000
     0.7250000000     0.1142434797     4.8596795837  0.0000000000  0.0000000000
     0.7230000000     0.1139476945     4.8480964449  0.0000000000  0.0000000000
     0.7210000000     0.1136518860     4.8365092117  0.0000000000  0.0000000000
     0.7190000000     0.1133560540     4.8249178710  0.0000000000  0.0000000000
     0.7170000000     0.1130601984     4.8133224097  0.0000000000  0.0000000000
     0.7150000000     0.1127643190     4.8017228144  0.0000000000  0.0000000000
     0.7130000000     0.1124684156     4.7901190721  0.0000000000  0.0000000000
     0.7110000000     0.1121724882     4.7785111693  0.0000000000  0.0000000000
     0.7090000000     0.1118765366     4.7668990926  0.0000000000  0.0000000000
     0.7070000000     0.1115805606     4.7552828284  0.0000000000  0.0000000000
     0.7050000000     0.1112845600     4.7436623632  0.0000000000  0.0000000000
     0.7030000000     0.1109885348     4.7320376832  0.0000000000  0.0000000000
     0.7010000000     0.1106924847     4.7204087747  0.0000000000  0.0000000000
     0.6990000000     0.1103964096     4.7087756238  0.0000000000  0.0000000000
     0.6970000000     0.1101003094     4.6971382165  0.0000000000  0.0000000000
     0.6950000000     0.1098041838     4.6854965389  0.0000000000  0.0000000000
     0.6930000000     0.1095080328     4.6738505767  0.0000000000  0.0000000000
     0.6910000000     0.1092118561     4.6622003159  0.0000000000  0.0000000000
     0.6890000000     0.1089156536     4.6505457420  0.0000000000  0.0000000000
     0.6870000000     0.1086194251     4.6388868407  0.0000000000  0.0000000000
     0.6850000000     0.1083231705     4.6272235976  0.0000000000  0.0000000000
     0.6830000000     0.1080268896     4.6155559979  0.0000000000  0.0000000000
     0.6810000000     0.1077305822     4.6038840271  0.0000000000  0.0000000000
     0.6790000000     0.1074342482     4.5922076704  0.0000000000  0.0000000000
     0.6770000000     0.1071378873     4.5805269129  0.0000000000  0.0000000000
     0.6750000000     0.1068414995     4.5688417397  0.0000000000  0.0000000000
     0.6730000000     0.1065450845     4.5571521357  0.0000000000  0.0000000000
     0.6710000000     0.1062486421     4.5454580858  0.0000000000  0.0000000000
     0.6690000000     0.1059521723     4.5337595747  0.0000000000  0.0000000000
     0.6670000000     0.1056556747     4.5220565871  0.0000000000  0.0000000000
     0.6650000000     0.1053591493     4.5103491076  0.0000000000  0.0000000000
     0.6630000000     0.1050625959     4.4986371205  0.0000000000  0.0000000000
     0.6610000000     0.1047660142     4.4869206103  0.0000000000  0.0000000000
     0.6590000000     0.1044694040     4.4751995611  0.0000000000  0.0000000000
     0.6570000000     0.1041727653     4.4634739572  0.0000000000  0.0000000000
     0.6550000000     0.1038760978     4.4517437825  0.0000000000  0.0000000000
     0.6530000000     0.1035794013     4.4400090211  0.0000000000  0.0000000000
     0.6510000000     0.1032826756     4.4282696566  0.0000000000  0.0000000000
     0.6490000000     0.1029859206     4.4165256729  0.0000000000  0.0000000000
     0.6470000000     0.1026891360     4.4047770535  0.0000000000  0.0000000000
     0.6450000000     0.1023923217     4.3930237819  0.0000000000  0.0000000000
     0.6430000000     0.1020954774     4.3812658416  0.0000000000  0.0000000000
     0.6410000000     0.1017986030     4.3695032158  0.0000000000  0.0000000000
     0.6390000000     0.1015016983     4.3577358875  0.0000000000  0.0000000000
     0.6370000000     0.1012047630     4.3459638400  0.0000000000  0.0000000000
     0.6350000000     0.1009077969     4.3341870561  0.0000000000  0.0000000000
     0.6330000000     0.1006108000     4.3224055186  0.0000000000  0.0000000000
     0.6310000000     0.1003137718     4.3106192102  0.0000000000  0.0000000000
     0.6290000000     0.1000167123     4.2988281135  0.0000000000  0.0000000000
     0.6270000000     0.0997196212     4.2870322109  0.0000000000  0.0000000000
     0.6250000000     0.0994224983     4.2752314847  0.0000000000  0.0000000000
     0.6230000000     0.0991253435     4.2634259173  0.0000000000  0.0000000000
     0.6210000000     0.0988281564     4.2516154905  0.0000000000  0.0000000000
     0.6190000000     0.0985309369     4.2398001864  0.0000000000  0.0000000000
     0.6170000000     0.0982336847     4.2279799869  0.0000000000  0.0000000000
     0.6150000000     0.0979363997     4.2161548735  0.0000000000  0.0000000000
     0.6130000000     0.0976390816     4.2043248279  0.0000000000  0.0000000000
     0.6110000000     0.0973417302     4.1924898315  0.0000000000  0.0000000000
     0.6090000000     0.0970443452     4.1806498657  0.0000000000  0.0000000000
     0.6070000000     0.0967469264     4.1688049115  0.0000000000  0.0000000000
     0.6050000000     0.0964494737     4.1569549500  0.0000000000  0.0000000000
     0.6030000000     0.0961519867     4.1450999621  0.0000000000  0.0000000000
     0.6010000000     0.0958544653     4.1332399286  0.0000000000  0.0000000000
     0.5990000000     0.0955569091     4.1213748301  0.0000000000  0.0000000000
     0.5970000000     0.0952593180     4.1095046470  0.0000000000  0.0000000000
     0.5950000000     0.0949616918     4.0976293598  0.0000000000  0.0000000000
     0.5930000000     0.0946640301     4.0857489485  0.0000000000  0.0000000000
     0.5910000000     0.0943663327     4.0738633932  0.0000000000  0.0000000000
     0.5890000000     0.0940685995     4.0619726738  0.0000000000  0.0000000000
     0.5870000000     0.0937708300     4.0500767701  0.0000000000  0.0000000000
     0.5850000000     0.0934730241     4.0381756617  0.0000000000  0.0000000000
     0.5830000000     0.0931751816     4.0262693279  0.0000000000  0.0000000000
     0.5810000000     0.0928773022     4.0143577482  0.0000000000  0.0000000000
     0.5790000000     0.0925793855     4.0024409016  0.0000000000  0.0000000000
     0.5770000000     0.0922814315     3.9905187671  0.0000000000  0.0000000000
     0.5750000000     0.0919834397     3.9785913235  0.0000000000  0.0000000000
     0.5730000000     0.0916854099     3.9666585495  0.0000000000  0.0000000000
     0.5710000000     0.0913873419     3.9547204235  0.0000000000  0.0000000000
     0.5690000000     0.0910892354     3.9427769239  0.0000000000  0.0000000000
     0.5670000000     0.0907910902     3.9308280289  0.0000000000  0.0000000000
     0.5650000000     0.0904929058     3.9188737164  0.0000000000  0.0000000000
     0.5630000000     0.0901946821     3.9069139643  0.0000000000  0.0000000000
     0.5610000000     0.0898964189     3.8949487502  0.0000000000  0.0000000000
     0.5590000000     0.0895981157     3.8829780516  0.0000000000  0.0000000000
     0.5570000000     0.0892997723     3.8710018457  0.0000000000  0.0000000000
     0.5550000000     0.0890013885     3.8590201098  0.0000000000  0.0000000000
     0.5530000000     0.0887029639     3.8470328208  0.0000000000  0.0000000000
     0.5510000000     0.0884044982     3.8350399553  0.0000000000  0.0000000000
     0.5490000000     0.0881059912     3.8230414900  0.0000000000  0.0000000000
     0.5470000000     0.0878074426     3.8110374013  0.0000000000  0.0000000000
     0.5450000000     0.0875088520     3.7990276653  0.0000000000  0.0000000000
     0.5430000000     0.0872102191     3.7870122581  0.0000000000  0.0000000000
     0.5410000000     0.0869115437     3.7749911555  0.0000000000  0.0000000000
     0.5390000000     0.0866128254     3.7629643331  0.0000000000  0.0000000000
     0.5370000000     0.0863140639     3.7509317663  0.0000000000  0.0000000000
     0.5350000000     0.0860152589     3.7388934304  0.0000000000  0.0000000000
     0.5330000000     0.0857164101     3.7268493003  0.0000000000  0.0000000000
     0.5310000000     0.0854175171     3.7147993509  0.0000000000  0.0000000000
     0.5290000000     0.0851185796     3.7027435567  0.0000000000  0.0000000000
     0.5270000000     0.0848195974     3.6906818922  0.0000000000  0.0000000000
     0.5250000000     0.0845205700     3.6786143315  0.0000000000  0.0000000000
     0.5230000000     0.0842214971     3.6665408487  0.0000000000  0.0000000000
     0.5210000000     0.0839223785     3.6544614174  0.0000000000  0.0000000000
     0.5190000000     0.0836232137     3.6423760112  0.0000000000  0.0000000000
     0.5170000000     0.0833240023     3.6302846033  0.0000000000  0.0000000000
     0.5150000000     0.0830247442     3.6181871669  0.0000000000  0.0000000000
     0.5130000000     0.0827254388     3.6060836748  0.0000000000  0.0000000000
     0.5110000000     0.0824260859     3.5939740996  0.0000000000  0.0000000000
     0.5090000000     0.0821266850     3.5818584137  0.0000000000  0.0000000000
     0.5070000000     0.0818272359     3.5697365893  0.0000000000  0.0000000000
     0.5050000000     0.0815277381     3.5576085982  0.0000000000  0.0000000000
     0.5030000000     0.0812281913     3.5454744121  0.0000000000  0.0000000000
     0.5010000000     0.0809285951     3.5333340024  0.0000000000  0.0000000000
     0.4990000000     0.0806289492     3.5211873402  0.0000000000  0.0000000000
     0.4970000000     0.0803292530     3.5090343965  0.0000000000  0.0000000000
     0.4950000000     0.0800295064     3.4968751420  0.0000000000  0.0000000000
     0.4930000000     0.0797297088     3.4847095470  0.0000000000  0.0000000000
     0.4910000000     0.0794298599     3.4725375816  0.0000000000  0.0000000000
     0.4890000000     0.0791299592     3.4603592157  0.0000000000  0.0000000000
     0.4870000000     0.0788300064     3.4481744189  0.0000000000  0.0000000000
     0.4850000000     0.0785300011     3.4359831605  0.0000000000  0.0000000000
     0.4830000000     0.0782299428     3.4237854096  0.0000000000  0.0000000000
     0.4810000000     0.0779298312     3.4115811348  0.0000000000  0.0000000000
     0.4790000000     0.0776296657     3.3993703048  0.0000000000  0.0000000000
     0.4770000000     0.0773294461     3.3871528875  0.0000000000  0.0000000000
     0.4750000000     0.0770291718     3.3749288511  0.0000000000  0.0000000000
     0.4730000000     0.0767288425     3.3626981629  0.0000000000  0.0000000000
     0.4710000000     0.0764284576     3.3504607904  0.0000000000  0.0000000000
     0.4690000000     0.0761280168     3.3382167006  0.0000000000  0.0000000000
     0.4670000000     0.0758275195     3.3259658600  0.0000000000  0.0000000000
     0.4650000000     0.0755269654     3.3137082351  0.0000000000  0.0000000000
     0.4630000000     0.0752263540     3.3014437919  0.0000000000  0.0000000000
     0.4610000000     0.0749256848     3.2891724961  0.0000000000  0.0000000000
     0.4590000000     0.0746249574     3.2768943132  0.0000000000  0.0000000000
     0.4570000000     0.0743241712     3.2646092082  0.0000000000  0.0000000000
     0.4550000000     0.0740233258     3.2523171458  0.0000000000  0.0000000000
     0.4530000000     0.0737224208     3.2400180905  0.0000000000  0.0000000000
     0.4510000000     0.0734214555     3.2277120062  0.0000000000  0.0000000000
     0.4490000000     0.0731204296     3.2153988568  0.0000000000  0.0000000000
     0.4470000000     0.0728193425     3.2030786054  0.0000000000  0.0000000000
     0.4450000000     0.0725181937     3.1907512152  0.0000000000  0.0000000000
     0.4430000000     0.0722169827     3.1784166487  0.0000000000  0.0000000000
     0.4410000000     0.0719157091     3.1660748681  0.0000000000  0.0000000000
     0.4390000000     0.0716143721     3.1537258354  0.0000000000  0.0000000000
     0.4370000000     0.0713129714     3.1413695120  0.0000000000  0.0000000000
     0.4350000000     0.0710115064     3.1290058590  0.0000000000  0.0000000000
     0.4330000000     0.0707099765     3.1166348371  0.0000000000  0.0000000000
     0.4310000000     0.0704083813     3.1042564067  0.0000000000  0.0000000000
     0.4290000000     0.0701067201     3.0918705276  0.0000000000  0.0000000000
     0.4270000000     0.0698049923     3.0794771594  0.0000000000  0.0000000000
     0.4250000000     0.0695031975     3.0670762610  0.0000000000  0.0000000000
     0.4230000000     0.0692013350     3.0546677912  0.0000000000  0.0000000000
     0.4210000000     0.0688994043     3.0422517082  0.0000000000  0.0000000000
     0.4190000000     0.0685974047     3.0298279698  0.0000000000  0.0000000000
     0.4170000000     0.0682953357     3.0173965332  0.0000000000  0.0000000000
     0.4150000000     0.0679931966     3.0049573554  0.0000000000  0.0000000000
     0.4130000000     0.0676909869     2.9925103929  0.0000000000  0.0000000000
     0.4110000000     0.0673887059     2.9800556016  0.0000000000  0.0000000000
     0.4090000000     0.0670863530     2.9675929369  0.0000000000  0.0000000000
     0.4070000000     0.0667839276     2.9551223540  0.0000000000  0.0000000000
     0.4050000000     0.0664814290     2.9426438073  0.0000000000  0.0000000000
     0.4030000000     0.0661788566     2.9301572509  0.0000000000  0.0000000000
     0.4010000000     0.0658762097     2.9176626384  0.0000000000  0.0000000000
     0.3990000000     0.0655734876     2.9051599226  0.0000000000  0.0000000000
     0.3970000000     0.0652706897     2.8926490563  0.0000000000  0.0000000000
     0.3950000000     0.0649678153     2.8801299912  0.0000000000  0.0000000000
     0.3930000000     0.0646648636     2.8676026790  0.0000000000  0.0000000000
     0.3910000000     0.0643618341     2.8550670704  0.0000000000  0.0000000000
     0.3890000000     0.0640587259     2.8425231159  0.0000000000  0.0000000000
     0.3870000000     0.0637555384     2.8299707652  0.0000000000  0.0000000000
     0.3850000000     0.0634522708     2.8174099675  0.0000000000  0.0000000000
     0.3830000000     0.0631489224     2.8048406715  0.0000000000  0.0000000000
     0.3810000000     0.0628454925     2.7922628252  0.0000000000  0.0000000000
     0.3790000000     0.0625419802     2.7796763761  0.0000000000  0.0000000000
     0.3770000000     0.0622383849     2.7670812709  0.0000000000  0.0000000000
     0.3750000000     0.0619347056     2.7544774559  0.0000000000  0.0000000000
     0.3730000000     0.0616309417     2.7418648767  0.0000000000  0.0000000000
     0.3710000000     0.0613270924     2.7292434782  0.0000000000  0.0000000000
     0.3690000000     0.0610231568     2.7166132046  0.0000000000  0.0000000000
     0.3670000000     0.0607191341     2.7039739996  0.0000000000  0.0000000000
     0.3650000000     0.0604150234     2.6913258061  0.0000000000  0.0000000000
     0.3630000000     0.0601108240     2.6786685664  0.0000000000  0.0000000000
     0.3610000000     0.0598065350     2.6660022220  0.0000000000  0.0000000000
     0.3590000000     0.0595021555     2.6533267160  0.0000000000  0.0000000000
     0.3570000000     0.0591976846     2.6406419840  0.0000000000  0.0000000000
     0.3550000000     0.0588931214     2.6279479675  0.0000000000  0.0000000000
     0.3530000000     0.0585884651     2.6152446052  0.0000000000  0.0000000000
     0.3510000000     0.0582837146     2.6025318350  0.0000000000  0.0000000000
     0.3490000000     0.0579788692     2.5898095938  0.0000000000  0.0000000000
     0.3470000000     0.0576739277     2.5770778180  0.0000000000  0.0000000000
     0.3450000000     0.0573688894     2.5643364430  0.0000000000  0.0000000000
     0.3430000000     0.0570637531     2.5515854033  0.0000000000  0.0000000000
     0.3410000000     0.0567585180     2.5388246329  0.0000000000  0.0000000000
     0.3390000000     0.0564531829     2.5260540646  0.0000000000  0.0000000000
     0.3370000000     0.0561477470     2.5132736305  0.0000000000  0.0000000000
     0.3350000000     0.0558422091     2.5004832616  0.0000000000  0.0000000000
     0.3330000000     0.0555365682     2.4876828884  0.0000000000  0.0000000000
     0.3310000000     0.0552308233     2.4748724400  0.0000000000  0.0000000000
     0.3290000000     0.0549249733     2.4620518449  0.0000000000  0.0000000000
     0.3270000000     0.0546190171     2.4492210305  0.0000000000  0.0000000000
     0.3250000000     0.0543129535     2.4363799233  0.0000000000  0.0000000000
     0.3230000000     0.0540067815     2.4235284486  0.0000000000  0.0000000000
     0.3210000000     0.0537004999     2.4106665308  0.0000000000  0.0000000000
     0.3190000000     0.0533941076     2.3977940934  0.0000000000  0.0000000000
     0.3170000000     0.0530876033     2.3849110587  0.0000000000  0.0000000000
     0.3150000000     0.0527809858     2.3720173478  0.0000000000  0.0000000000
     0.3130000000     0.0524742540     2.3591128810  0.0000000000  0.0000000000
     0.3110000000     0.0521674066     2.3461975771  0.0000000000  0.0000000000
     0.3090000000     0.0518604424     2.3332713541  0.0000000000  0.0000000000
     0.3070000000     0.0515533601     2.3203341286  0.0000000000  0.0000000000
     0.3050000000     0.0512461583     2.3073858160  0.0000000000  0.0000000000
     0.3030000000     0.0509388357     2.2944263306  0.0000000000  0.0000000000
     0.3010000000     0.0506313911     2.2814555854  0.0000000000  0.0000000000
     0.2990000000     0.0503238231     2.2684734920  0.0000000000  0.0000000000
     0.2970000000     0.0500161302     2.2554799609  0.0000000000  0.0000000000
     0.2950000000     0.0497083111     2.2424749010  0.0000000000  0.0000000000
     0.2930000000     0.0494003643     2.2294582202  0.0000000000  0.0000000000
     0.2910000000     0.0490922884     2.2164298247  0.0000000000  0.0000000000
     0.2890000000     0.0487840819     2.2033896193  0.0000000000  0.0000000000
     0.2870000000     0.0484757433     2.1903375075  0.0000000000  0.0000000000
     0.2850000000     0.0481672710     2.1772733911  0.0000000000  0.0000000000
     0.2830000000     0.0478586636     2.1641971707  0.0000000000  0.0000000000
     0.2810000000     0.0475499194     2.1511087449  0.0000000000  0.0000000000
     0.2790000000     0.0472410367     2.1380080110  0.0000000000  0.0000000000
     0.2770000000     0.0469320141     2.1248948646  0.0000000000  0.0000000000
     0.2750000000     0.0466228498     2.1117691997  0.0000000000  0.0000000000
     0.2730000000     0.0463135420     2.0986309085  0.0000000000  0.0000000000
     0.2710000000     0.0460040891     2.0854798814  0.0000000000  0.0000000000
     0.2690000000     0.0456944894     2.0723160070  0.0000000000  0.0000000000
     0.2670000000     0.0453847409     2.0591391723  0.0000000000  0.0000000000
     0.2650000000     0.0450748420     2.0459492622  0.0000000000  0.0000000000
     0.2630000000     0.0447647907     2.0327461597  0.0000000000  0.0000000000
     0.2610000000     0.0444545851     2.0195297459  0.0000000000  0.0000000000
     0.2590000000     0.0441442234     2.0062998997  0.0000000000  0.0000000000
     0.2570000000     0.0438337035     1.9930564982  0.0000000000  0.0000000000
     0.2550000000     0.0435230234     1.9797994161  0.0000000000  0.0000000000
     0.2530000000     0.0432121811     1.9665285261  0.0000000000  0.0000000000
     0.2510000000     0.0429011746     1.9532436986  0.0000000000  0.0000000000
     0.2490000000     0.0425900017     1.9399448018  0.0000000000  0.0000000000
     0.2470000000     0.0422786602     1.9266317013  0.0000000000  0.0000000000
     0.2450000000     0.0419671479     1.9133042605  0.0000000000  0.0000000000
     0.2430000000     0.0416554627     1.8999623403  0.0000000000  0.0000000000
     0.2410000000     0.0413436021     1.8866057990  0.0000000000  0.0000000000
     0.2390000000     0.0410315639     1.8732344923  0.0000000000  0.0000000000
     0.2370000000     0.0407193456     1.8598482732  0.0000000000  0.0000000000
     0.2350000000     0.0404069449     1.8464469920  0.0000000000  0.0000000000
     0.2330000000     0.0400943593     1.8330304960  0.0000000000  0.0000000000
     0.2310000000     0.0397815861     1.8195986298  0.0000000000  0.0000000000
     0.2290000000     0.0394686229     1.8061512350  0.0000000000  0.0000000000
     0.2270000000     0.0391554669     1.7926881498  0.0000000000  0.0000000000
     0.2250000000     0.0388421156     1.7792092096  0.0000000000  0.0000000000
     0.2230000000     0.0385285660     1.7657142464  0.0000000000  0.0000000000
     0.2210000000     0.0382148155     1.7522030888  0.0000000000  0.0000000000
     0.2190000000     0.0379008610     1.7386755620  0.0000000000  0.0000000000
     0.2170000000     0.0375866998     1.7251314876  0.0000000000  0.0000000000
     0.2150000000     0.0372723287     1.7115706836  0.0000000000  0.0000000000
     0.2130000000     0.0369577447     1.6979929642  0.0000000000  0.0000000000
     0.2110000000     0.0366429446     1.6843981396  0.0000000000  0.0000000000
     0.2090000000     0.0363279253     1.6707860162  0.0000000000  0.0000000000
     0.2070000000     0.0360126835     1.6571563962  0.0000000000  0.0000000000
     0.2050000000     0.0356972157     1.6435090774  0.0000000000  0.0000000000
     0.2030000000     0.0353815185     1.6298438532  0.0000000000  0.0000000000
     0.2010000000     0.0350655884     1.6161605128  0.0000000000  0.0000000000
     0.1990000000     0.0347494219     1.6024588403  0.0000000000  0.0000000000
     0.1970000000     0.0344330151     1.5887386152  0.0000000000  0.0000000000
     0.1950000000     0.0341163643     1.5749996118  0.0000000000  0.0000000000
     0.1930000000     0.0337994657     1.5612415995  0.0000000000  0.0000000000
     0.1910000000     0.0334823153     1.5474643422  0.0000000000  0.0000000000
     0.1890000000     0.0331649089     1.5336675983  0.0000000000  0.0000000000
     0.1870000000     0.0328472424     1.5198511204  0.0000000000  0.0000000000
     0.1850000000     0.0325293116     1.5060146554  0.0000000000  0.0000000000
     0.1830000000     0.0322111120     1.4921579438  0.0000000000  0.0000000000
     0.1810000000     0.0318926392     1.4782807201  0.0000000000  0.0000000000
     0.1790000000     0.0315738884     1.4643827119  0.0000000000  0.0000000000
     0.1770000000     0.0312548550     1.4504636403  0.0000000000  0.0000000000
     0.1750000000     0.0309355341     1.4365232190  0.0000000000  0.0000000000
     0.1730000000     0.0306159208     1.4225611548  0.0000000000  0.0000000000
     0.1710000000     0.0302960097     1.4085771465  0.0000000000  0.0000000000
     0.1690000000     0.0299757957     1.3945708852  0.0000000000  0.0000000000
     0.1670000000     0.0296552734     1.3805420540  0.0000000000  0.0000000000
     0.1650000000     0.0293344371     1.3664903272  0.0000000000  0.0000000000
     0.1630000000     0.0290132812     1.3524153703  0.0000000000  0.0000000000
     0.1610000000     0.0286917996     1.3383168397  0.0000000000  0.0000000000
     0.1590000000     0.0283699864     1.3241943824  0.0000000000  0.0000000000
     0.1570000000     0.0280478353     1.3100476350  0.0000000000  0.0000000000
     0.1550000000     0.0277253398     1.2958762241  0.0000000000  0.0000000000
     0.1530000000     0.0274024933     1.2816797653  0.0000000000  0.0000000000
     0.1510000000     0.0270792889     1.2674578631  0.0000000000  0.0000000000
     0.1490000000     0.0267557197     1.2532101100  0.0000000000  0.0000000000
     0.1470000000     0.0264317783     1.2389360864  0.0000000000  0.0000000000
     0.1450000000     0.0261074572     1.2246353599  0.0000000000  0.0000000000
     0.1430000000     0.0257827487     1.2103074846  0.0000000000  0.0000000000
     0.1410000000     0.0254576448     1.1959520007  0.0000000000  0.0000000000
     0.1390000000     0.0251321373     1.1815684337  0.0000000000  0.0000000000
     0.1370000000     0.0248062175     1.1671562936  0.0000000000  0.0000000000
     0.1350000000     0.0244798768     1.1527150746  0.0000000000  0.0000000000
     0.1330000000     0.0241531059     1.1382442539  0.0000000000  0.0000000000
     0.1310000000     0.0238258954     1.1237432909  0.0000000000  0.0000000000
     0.1290000000     0.0234982356     1.1092116267  0.0000000000  0.0000000000
     0.1270000000     0.0231701163     1.0946486827  0.0000000000  0.0000000000
     0.1250000000     0.0228415272     1.0800538599  0.0000000000  0.0000000000
     0.1230000000     0.0225124572     1.0654265376  0.0000000000  0.0000000000
     0.1210000000     0.0221828951     1.0507660725  0.0000000000  0.0000000000
     0.1190000000     0.0218528293     1.0360717972  0.0000000000  0.0000000000
     0.1170000000     0.0215222475     1.0213430192  0.0000000000  0.0000000000
     0.1150000000     0.0211911372     1.0065790191  0.0000000000  0.0000000000
     0.1130000000     0.0208594853     0.9917790494  0.0000000000  0.0000000000
     0.1110000000     0.0205272781     0.9769423329  0.0000000000  0.0000000000
     0.1090000000     0.0201945014     0.9620680605  0.0000000000  0.0000000000
     0.1070000000     0.0198611404     0.9471553898  0.0000000000  0.0000000000
     0.1050000000     0.0195271797     0.9322034428  0.0000000000  0.0000000000
     0.1030000000     0.0191926032     0.9172113038  0.0000000000  0.0000000000
     0.1010000000     0.0188573942     0.9021780166  0.0000000000  0.0000000000
     0.0990000000     0.0185215352     0.8871025827  0.0000000000  0.0000000000
     0.0970000000     0.0181850077     0.8719839577  0.0000000000  0.0000000000
     0.0950000000     0.0178477928     0.8568210485  0.0000000000  0.0000000000
     0.0930000000     0.0175098702     0.8416127099  0.0000000000  0.0000000000
     0.0910000000     0.0171712190     0.8263577412  0.0000000000  0.0000000000
     0.0890000000     0.0168318172     0.8110548817  0.0000000000  0.0000000000
     0.0870000000     0.0164916415     0.7957028066  0.0000000000  0.0000000000
     0.0850000000     0.0161506678     0.7803001222  0.0000000000  0.0000000000
     0.0830000000     0.0158088704     0.7648453604  0.0000000000  0.0000000000
     0.0810000000     0.0154662224     0.7493369729  0.0000000000  0.0000000000
     0.0790000000     0.0151226954     0.7337733246  0.0000000000  0.0000000000
     0.0770000000     0.0147782594     0.7181526866  0.0000000000  0.0000000000
     0.0750000000     0.0144328829     0.7024732280  0.0000000000  0.0000000000
     0.0730000000     0.0140865323     0.6867330070  0.0000000000  0.0000000000
     0.0710000000     0.0137391722     0.6709299610  0.0000000000  0.0000000000
     0.0690000000     0.0133907649     0.6550618952  0.0000000000  0.0000000000
     0.0670000000     0.0130412706     0.6391264704  0.0000000000  0.0000000000
     0.0650000000     0.0126906466     0.6231211882  0.0000000000  0.0000000000
     0.0630000000     0.0123388477     0.6070433757  0.0000000000  0.0000000000
     0.0610000000     0.0119858255     0.5908901663  0.0000000000  0.0000000000
     0.0590000000     0.0116315283     0.5746584796  0.0000000000  0.0000000000
     0.0570000000     0.0112759008     0.5583449973  0.0000000000  0.0000000000
     0.0550000000     0.0109188833     0.5419461353  0.0000000000  0.0000000000
     0.0530000000     0.0105604121     0.5254580125  0.0000000000  0.0000000000
     0.0510000000     0.0102004180     0.5088764133  0.0000000000  0.0000000000
     0.0490000000     0.0098388265     0.4921967447  0.0000000000  0.0000000000
     0.0470000000     0.0094755568     0.4754139854  0.0000000000  0.0000000000
     0.0450000000     0.0091105211     0.4585226254  0.0000000000  0.0000000000
     0.0430000000     0.0087436237     0.4415165949  0.0000000000  0.0000000000
     0.0410000000     0.0083747601     0.4243891775  0.0000000000  0.0000000000
     0.0390000000     0.0080038153     0.4071329068  0.0000000000  0.0000000000
     0.0370000000     0.0076306631     0.3897394390  0.0000000000  0.0000000000
     0.0350000000     0.0072551637     0.3721993957  0.0000000000  0.0000000000
     0.0330000000     0.0068771620     0.3545021690  0.0000000000  0.0000000000
     0.0310000000     0.0064964847     0.3366356746  0.0000000000  0.0000000000
     0.0290000000     0.0061129376     0.3185860362  0.0000000000  0.0000000000
     0.0270000000     0.0057263017     0.3003371760  0.0000000000  0.0000000000
     0.0250000000     0.0053363283     0.2818702745  0.0000000000  0.0000000000
     0.0230000000     0.0049427327     0.2631630420  0.0000000000  0.0000000000
     0.0210000000     0.0045451873     0.2441887153  0.0000000000  0.0000000000
     0.0190000000     0.0041433108     0.2249146420  0.0000000000  0.0000000000
     0.0170000000     0.0037366559     0.2053002135  0.0000000000  0.0000000000
     0.0150000000     0.0033246916     0.1852937405  0.0000000000  0.0000000000
     0.0130000000     0.0029067806     0.1648275054  0.0000000000  0.0000000000
     0.0110000000     0.0024821486     0.1438094727  0.0000000000  0.0000000000
     0.0090000000     0.0020498455     0.1221083342  0.0000000000  0.0000000000
     0.0070000000     0.0016087042     0.0995236938  0.0000000000  0.0000000000
     0.0050000000     0.0011573414     0.0757173609  0.0000000000  0.0000000000
     0.0030000000     0.0006944847     0.0500131316  0.0000000000  0.0000000000
     0.0010000000     0.0002223883     0.0204411473  0.0000000000  0.0000000000
