# eps (GeV/fm^3   P (GeV/fm^3)      s (fm^-3)    n_b (fm^-3)
   0.0003896754   0.0000810124    0.0094137570   0.0000000000
   0.0004332490   0.0000908532    0.0102765128   0.0000000000
   0.0004804550   0.0001015834    0.0111930457   0.0000000000
   0.0005315114   0.0001132579    0.0121654576   0.0000000000
   0.0005866468   0.0001259337    0.0131959337   0.0000000000
   0.0006461013   0.0001396699    0.0142867494   0.0000000000
   0.0007101274   0.0001545281    0.0154402762   0.0000000000
   0.0007789902   0.0001705722    0.0166589881   0.0000000000
   0.0008529686   0.0001878686    0.0179454685   0.0000000000
   0.0009323560   0.0002064866    0.0193024163   0.0000000000
   0.0010174613   0.0002264979    0.0207326536   0.0000000000
   0.0011086098   0.0002479773    0.0222391320   0.0000000000
   0.0012061437   0.0002710026    0.0238249403   0.0000000000
   0.0013104240   0.0002956547    0.0254933122   0.0000000000
   0.0014218307   0.0003220179    0.0272476335   0.0000000000
   0.0015407645   0.0003501798    0.0290914507   0.0000000000
   0.0016676478   0.0003802318    0.0310284790   0.0000000000
   0.0018029258   0.0004122691    0.0330626112   0.0000000000
   0.0019470682   0.0004463908    0.0351979264   0.0000000000
   0.0021005701   0.0004827001    0.0374386993   0.0000000000
   0.0022639539   0.0005213048    0.0397894105   0.0000000000
   0.0024377705   0.0005623171    0.0422547552   0.0000000000
   0.0026226010   0.0006058542    0.0448396552   0.0000000000
   0.0028190586   0.0006520380    0.0475492690   0.0000000000
   0.0030277901   0.0007009961    0.0503890031   0.0000000000
   0.0032494780   0.0007528613    0.0533645240   0.0000000000
   0.0034848422   0.0008077724    0.0564817708   0.0000000000
   0.0037346423   0.0008658742    0.0597469674   0.0000000000
   0.0039996799   0.0009273178    0.0631666367   0.0000000000
   0.0042808003   0.0009922612    0.0667476139   0.0000000000
   0.0045788957   0.0010608692    0.0704970612   0.0000000000
   0.0048949072   0.0011333140    0.0744224833   0.0000000000
   0.0052298275   0.0012097754    0.0785317424   0.0000000000
   0.0055847038   0.0012904415    0.0828330755   0.0000000000
   0.0059606408   0.0013755085    0.0873351108   0.0000000000
   0.0063588037   0.0014651816    0.0920468856   0.0000000000
   0.0067804211   0.0015596753    0.0969778651   0.0000000000
   0.0072267889   0.0016592137    0.1021379610   0.0000000000
   0.0076992735   0.0017640310    0.1075375521   0.0000000000
   0.0081993156   0.0018743722    0.1131875043   0.0000000000
   0.0087284340   0.0019904933    0.1190991925   0.0000000000
   0.0092882297   0.0021126618    0.1252845225   0.0000000000
   0.0098803901   0.0022411577    0.1317559545   0.0000000000
   0.0105066935   0.0023762734    0.1385265262   0.0000000000
   0.0111690136   0.0025183150    0.1456098781   0.0000000000
   0.0118693243   0.0026676022    0.1530202787   0.0000000000
   0.0126097049   0.0028244695    0.1607726505   0.0000000000
   0.0133923453   0.0029892667    0.1688825976   0.0000000000
   0.0142195511   0.0031623593    0.1773664335   0.0000000000
   0.0150937499   0.0033441298    0.1862412096   0.0000000000
   0.0160174965   0.0035349780    0.1955247453   0.0000000000
   0.0169934797   0.0037353218    0.2052356580   0.0000000000
   0.0180245281   0.0039455982    0.2153933949   0.0000000000
   0.0191136170   0.0041662643    0.2260182645   0.0000000000
   0.0202638754   0.0043977975    0.2371314701   0.0000000000
   0.0214785927   0.0046406973    0.2487551433   0.0000000000
   0.0227612265   0.0048954856    0.2609123786   0.0000000000
   0.0241154098   0.0051627080    0.2736272685   0.0000000000
   0.0255449591   0.0054429344    0.2869249401   0.0000000000
   0.0270538827   0.0057367608    0.3008315915   0.0000000000
   0.0286463886   0.0060448097    0.3153745295   0.0000000000
   0.0303268937   0.0063677314    0.3305822079   0.0000000000
   0.0321000324   0.0067062055    0.3464842666   0.0000000000
   0.0339706659   0.0070609417    0.3631115714   0.0000000000
   0.0359438918   0.0074326811    0.3804962537   0.0000000000
   0.0380250537   0.0078221977    0.3986717520   0.0000000000
   0.0402197512   0.0082302998    0.4176728532   0.0000000000
   0.0425338503   0.0086578307    0.4375357348   0.0000000000
   0.0449734939   0.0091056710    0.4582980074   0.0000000000
   0.0475451127   0.0095747395    0.4799987578   0.0000000000
   0.0502554363   0.0100659948    0.5026785924   0.0000000000
   0.0531115044   0.0105804371    0.5263796816   0.0000000000
   0.0561206789   0.0111191092    0.5511458041   0.0000000000
   0.0592906553   0.0116830988    0.5770223912   0.0000000000
   0.0626294752   0.0122735398    0.6040565727   0.0000000000
   0.0661455386   0.0128916140    0.6322972214   0.0000000000
   0.0698476167   0.0135385532    0.6617949994   0.0000000000
   0.0737448647   0.0142156405    0.6926024038   0.0000000000
   0.0778468353   0.0149242126    0.7247738123   0.0000000000
   0.0821634918   0.0156656615    0.7583655299   0.0000000000
   0.0867052220   0.0164414365    0.7934358348   0.0000000000
   0.0914828522   0.0172530461    0.8300450250   0.0000000000
   0.0965076610   0.0181020603    0.8682554643   0.0000000000
   0.1017913944   0.0189901122    0.9081316286   0.0000000000
   0.1073462795   0.0199189009    0.9497401524   0.0000000000
   0.1131850402   0.0208901929    0.9931498749   0.0000000000
   0.1193209117   0.0219058247    1.0384318855   0.0000000000
   0.1257676560   0.0229677051    1.0856595702   0.0000000000
   0.1325395771   0.0240778176    1.1349086569   0.0000000000
   0.1396515370   0.0252382222    1.1862572607   0.0000000000
   0.1471189714   0.0264510587    1.2397859292   0.0000000000
   0.1549579054   0.0277185484    1.2955776864   0.0000000000
   0.1631849702   0.0290429969    1.3537180780   0.0000000000
   0.1718174190   0.0304267967    1.4142952149   0.0000000000
   0.1808731439   0.0318724297    1.4773998165   0.0000000000
   0.1903706919   0.0333824699    1.5431252538   0.0000000000
   0.2003292826   0.0349595858    1.6115675919   0.0000000000
   0.2107688244   0.0366065435    1.6828256320   0.0000000000
   0.2217099316   0.0383262094    1.7570009527   0.0000000000
   0.2331739421   0.0401215526    1.8341979505   0.0000000000
   0.2451829339   0.0419956482    1.9145238804   0.0000000000
   0.2577597432   0.0439516799    1.9980888950   0.0000000000
   0.2709279814   0.0459929432    2.0850060832   0.0000000000
   0.2847120527   0.0481228481    2.1753915084   0.0000000000
   0.2991371720   0.0503449219    2.2693642459   0.0000000000
   0.3142293820   0.0526628129    2.3670464189   0.0000000000
   0.3300155718   0.0550802928    2.4685632349   0.0000000000
   0.3465234939   0.0576012602    2.5740430198   0.0000000000
   0.3637817824   0.0602297436    2.6836172527   0.0000000000
   0.3818199709   0.0629699043    2.7974205986   0.0000000000
   0.4006685103   0.0658260403    2.9155909409   0.0000000000
   0.4203587867   0.0688025888    3.0382694128   0.0000000000
   0.4409231394   0.0719041298    3.1656004274   0.0000000000
   0.4623948789   0.0751353896    3.2977317082   0.0000000000
   0.4848083044   0.0785012435    3.4348143166   0.0000000000
   0.5081987223   0.0820067199    3.5770026804   0.0000000000
   0.5326024637   0.0856570032    3.7244546201   0.0000000000
   0.5580569023   0.0894574373    3.8773313745   0.0000000000
   0.5846004722   0.0934135289    4.0357976258   0.0000000000
   0.6122726858   0.0975309515    4.2000215229   0.0000000000
   0.6411141515   0.1018155482    4.3701747043   0.0000000000
   0.6711665912   0.1062733355    4.5464323199   0.0000000000
   0.7024728578   0.1109105070    4.7289730514   0.0000000000
   0.7350769533   0.1157334365    4.9179791322   0.0000000000
   0.7690240455   0.1207486821    5.1136363657   0.0000000000
   0.8043604858   0.1259629892    5.3161341429   0.0000000000
   0.8411338262   0.1313832946    5.5256654593   0.0000000000
   0.8793928367   0.1370167299    5.7424269300   0.0000000000
   0.9191875222   0.1428706250    5.9666188045   0.0000000000
   0.9605691394   0.1489525120    6.1984449798   0.0000000000
   1.0035902137   0.1552701286    6.4381130129   0.0000000000
   1.0483045559   0.1618314221    6.6858341325   0.0000000000
   1.0947672786   0.1686445526    6.9418232484   0.0000000000
   1.1430348129   0.1757178971    7.2062989620   0.0000000000
   1.1931649245   0.1830600531    7.4794835739   0.0000000000
   1.2452149103   0.1906798415    7.7615932531   0.0000000000
   1.2991175318   0.1985860767    8.0521699384   0.0000000000
   1.3546254369   0.2067865281    8.3497966040   0.0000000000
   1.4115213308   0.2152876058    8.6532390248   0.0000000000
   1.4696302947   0.2240946126    8.9615074457   0.0000000000
   1.5288122148   0.2332119641    9.2738114679   0.0000000000
   1.5889555745   0.2426433700    9.5895232695   0.0000000000
   1.6499723584   0.2523919803    9.9081475972   0.0000000000
   1.7117938662   0.2624605060   10.2292972650   0.0000000000
   1.7743672722   0.2728513161   10.5526731355   0.0000000000
   1.8376527943   0.2835665178   10.8780477547   0.0000000000
   1.9016213643   0.2946080210   11.2052519654   0.0000000000
   1.9662527081   0.3059775906   11.5341639527   0.0000000000
   2.0315337648   0.3176768900   11.8647002766   0.0000000000
   2.0974573823   0.3297075149   12.1968085286   0.0000000000
   2.1640212421   0.3420710216   12.5304613189   0.0000000000
   2.2312269718   0.3547689497   12.8656513510   0.0000000000
   2.2990794131   0.3678028395   13.2023873894   0.0000000000
   2.3675860177   0.3811742469   13.5406909588   0.0000000000
   2.4367563488   0.3948847544   13.8805936432   0.0000000000
   2.5066016698   0.4089359803   14.2221348784   0.0000000000
   2.5771346051   0.4233295855   14.5653601483   0.0000000000
   2.6483688611   0.4380672786   14.9103195153   0.0000000000
   2.7203189955   0.4531508203   15.2570664220   0.0000000000
   2.7930002285   0.4685820259   15.6056567196   0.0000000000
   2.8664282873   0.4843627674   15.9561478794   0.0000000000
   2.9406192785   0.5004949748   16.3085983568   0.0000000000
   3.0155895842   0.5169806368   16.6630670805   0.0000000000
   3.0913557769   0.5338218013   17.0196130432   0.0000000000
   3.1679345503   0.5510205749   17.3782949775   0.0000000000
   3.2453426639   0.5685791227   17.7391711002   0.0000000000
   3.3235968977   0.5864996677   18.1022989139   0.0000000000
   3.4027140167   0.6047844900   18.4677350540   0.0000000000
   3.4827107422   0.6234359258   18.8355351745   0.0000000000
   3.5636037298   0.6424563665   19.2057538644   0.0000000000
   3.6454095521   0.6618482576   19.5784445893   0.0000000000
   3.7281446861   0.6816140972   19.9536596529   0.0000000000
   3.8118255037   0.7017564354   20.3314501758   0.0000000000
   3.8964682647   0.7222778727   20.7118660869   0.0000000000
   3.9820891132   0.7431810589   21.0949561256   0.0000000000
   4.0687040747   0.7644686921   21.4807678526   0.0000000000
   4.1563290553   0.7861435173   21.8693476666   0.0000000000
   4.2449798424   0.8082083253   22.2607408268   0.0000000000
   4.3346721057   0.8306659515   22.6549914791   0.0000000000
   4.4254213997   0.8535192751   23.0521426849   0.0000000000
   4.5172431663   0.8767712177   23.4522364521   0.0000000000
   4.6101527379   0.9004247425   23.8553137680   0.0000000000
   4.7041653415   0.9244828531   24.2614146321   0.0000000000
   4.7992961023   0.9489485927   24.6705780901   0.0000000000
   4.8955600479   0.9738250429   25.0828422682   0.0000000000
   4.9929721122   0.9991153232   25.4982444059   0.0000000000
   5.0915471403   1.0248225898   25.9168208902   0.0000000000
   5.1912998922   1.0509500350   26.3386072878   0.0000000000
   5.2922450478   1.0775008860   26.7636383772   0.0000000000
   5.3943972104   1.1044784046   27.1919481801   0.0000000000
   5.4977709116   1.1318858863   27.6235699914   0.0000000000
   5.6023806151   1.1597266595   28.0585364089   0.0000000000
   5.7082407209   1.1880040847   28.4968793618   0.0000000000
   5.8153655693   1.2167215542   28.9386301378   0.0000000000
   5.9237694449   1.2458824911   29.3838194098   0.0000000000
   6.0334665799   1.2754903492   29.8324772614   0.0000000000
   6.1444711583   1.3055486117   30.2846332115   0.0000000000
   6.2567973194   1.3360607913   30.7403162375   0.0000000000
   6.3704591606   1.3670304293   31.1995547982   0.0000000000
   6.4854707417   1.3984610954   31.6623768556   0.0000000000
   6.6018460871   1.4303563867   32.1288098953   0.0000000000
   6.7195991897   1.4627199279   32.5988809467   0.0000000000
   6.8387440135   1.4955553702   33.0726166018   0.0000000000
   6.9592944963   1.5288663913   33.5500430340   0.0000000000
   7.0812645527   1.5626566951   34.0311860149   0.0000000000
   7.2046680769   1.5969300107   34.5160709317   0.0000000000
   7.3295189449   1.6316900926   35.0047228026   0.0000000000
   7.4558310170   1.6669407202   35.4971662926   0.0000000000
   7.5836181406   1.7026856972   35.9934257277   0.0000000000
   7.7128941517   1.7389288516   36.4935251094   0.0000000000
   7.8436728779   1.7756740353   36.9974881277   0.0000000000
   7.9759681399   1.8129251235   37.5053381742   0.0000000000
   8.1097937538   1.8506860150   38.0170983541   0.0000000000
   8.2451635328   1.8889606312   38.5327914982   0.0000000000
   8.3820912893   1.9277529165   39.0524401737   0.0000000000
   8.5205908367   1.9670668375   39.5760666953   0.0000000000
   8.6606759908   2.0069063832   40.1036931355   0.0000000000
   8.8023605718   2.0472755644   40.6353413339   0.0000000000
   8.9456584055   2.0881784137   41.1710329072   0.0000000000
   9.0905833252   2.1296189851   41.7107892578   0.0000000000
   9.2371491730   2.1716013542   42.2546315823   0.0000000000
   9.3853698013   2.2141296173   42.8025808803   0.0000000000
   9.5352590736   2.2572078919   43.3546579614   0.0000000000
   9.6868308668   2.3008403160   43.9108834536   0.0000000000
   9.8400990715   2.3450310484   44.4712778097   0.0000000000
   9.9950775936   2.3897842680   45.0358613149   0.0000000000
  10.1517803555   2.4351041741   45.6046540930   0.0000000000
  10.3102212972   2.4809949860   46.1776761126   0.0000000000
  10.4704143771   2.5274609427   46.7549471937   0.0000000000
  10.6323735733   2.5745063033   47.3364870129   0.0000000000
  10.7961128844   2.6221353462   47.9223151092   0.0000000000
  10.9616463306   2.6703523694   48.5124508896   0.0000000000
  11.1289879544   2.7191616903   49.1069136337   0.0000000000
  11.2981518218   2.7685676454   49.7057224987   0.0000000000
  11.4691520227   2.8185745903   50.3088965245   0.0000000000
  11.6420026720   2.8691868998   50.9164546377   0.0000000000
  11.8167179104   2.9204089672   51.5284156561   0.0000000000
  11.9933119050   2.9722452050   52.1447982927   0.0000000000
  12.1717988502   3.0247000439   52.7656211599   0.0000000000
  12.3521929679   3.0777779335   53.3909027731   0.0000000000
  12.5345085090   3.1314833418   54.0206615544   0.0000000000
  12.7187597532   3.1858207551   54.6549158361   0.0000000000
  12.9049610102   3.2407946781   55.2936838638   0.0000000000
  13.0931266200   3.2964096335   55.9369838002   0.0000000000
  13.2832709535   3.3526701623   56.5848337274   0.0000000000
  13.4754084133   3.4095808236   57.2372516507   0.0000000000
  13.6695534339   3.4671461943   57.8942555006   0.0000000000
  13.8657204822   3.5253708692   58.5558631362   0.0000000000
  14.0639240585   3.5842594611   59.2220923475   0.0000000000
  14.2641786962   3.6438166003   59.8929608580   0.0000000000
  14.4664989629   3.7040469351   60.5684863269   0.0000000000
  14.6708994607   3.7649551312   61.2486863518   0.0000000000
  14.8773948263   3.8265458719   61.9335784708   0.0000000000
  15.0859997318   3.8888238580   62.6231801642   0.0000000000
  15.2967288848   3.9517938079   63.3175088573   0.0000000000
  15.5095970290   4.0154604572   64.0165819219   0.0000000000
  15.7246189446   4.0798285589   64.7204166782   0.0000000000
  15.9418094483   4.1449028835   65.4290303968   0.0000000000
  16.1611833941   4.2106882185   66.1424403004   0.0000000000
  16.3827556732   4.2771893686   66.8606635656   0.0000000000
  16.6065412147   4.3444111557   67.5837173241   0.0000000000
  16.8325549857   4.4123584191   68.3116186649   0.0000000000
  17.0608119916   4.4810360146   69.0443846352   0.0000000000
  17.2913272763   4.5504488155   69.7820322422   0.0000000000
  17.5241159227   4.6206017120   70.5245784545   0.0000000000
  17.7591930530   4.6914996110   71.2720402032   0.0000000000
  17.9965738286   4.7631474365   72.0244343834   0.0000000000
  18.2362734507   4.8355501295   72.7817778554   0.0000000000
  18.4783071602   4.9087126476   73.5440874458   0.0000000000
  18.7226902383   4.9826399654   74.3113799487   0.0000000000
  18.9694380065   5.0573370741   75.0836721269   0.0000000000
  19.2185658270   5.1328089818   75.8609807128   0.0000000000
  19.4700891027   5.2090607132   76.6433224095   0.0000000000
  19.7240232773   5.2860973098   77.4307138919   0.0000000000
  19.9803838359   5.3639238298   78.2231718075   0.0000000000
  20.2391863048   5.4425453478   79.0207127774   0.0000000000
  20.5004462522   5.5219669552   79.8233533969   0.0000000000
  20.7641792875   5.6021937600   80.6311102370   0.0000000000
  21.0304010624   5.6832308866   81.4439998445   0.0000000000
  21.2991272705   5.7650834761   82.2620387434   0.0000000000
  21.5703736475   5.8477566860   83.0852434351   0.0000000000
  21.8441559718   5.9312556904   83.9136303995   0.0000000000
  22.1204900640   6.0155856798   84.7472160958   0.0000000000
  22.3993917876   6.1007518610   85.5860169627   0.0000000000
  22.6808770486   6.1867594575   86.4300494195   0.0000000000
  22.9649617962   6.2736137092   87.2793298667   0.0000000000
  23.2516620226   6.3613198721   88.1338746865   0.0000000000
  23.5409937632   6.4498832188   88.9937002432   0.0000000000
  23.8329730966   6.5393090382   89.8588228841   0.0000000000
  24.1276161449   6.6296026357   90.7292589399   0.0000000000
  24.4249390739   6.7207693327   91.6050247254   0.0000000000
  24.7249580929   6.8128144672   92.4861365397   0.0000000000
  25.0276894549   6.9057433932   93.3726106670   0.0000000000
  25.3331494569   6.9995614813   94.2644633767   0.0000000000
  25.6413544397   7.0942741183   95.1617109243   0.0000000000
  25.9523207885   7.1898867069   96.0643695517   0.0000000000
  26.2660649322   7.2864046665   96.9724554875   0.0000000000
  26.5826033444   7.3838334324   97.8859849474   0.0000000000
  26.9019525426   7.4821784563   98.8049741348   0.0000000000
  27.2241290892   7.5814452059   99.7294392411   0.0000000000
  27.5491495907   7.6816391654  100.6593964460   0.0000000000
  27.8770306983   7.7827658349  101.5948619180   0.0000000000
  28.2077891080   7.8848307308  102.5358518146   0.0000000000
  28.5414415604   7.9878393854  103.4823822827   0.0000000000
  28.8780048409   8.0917973476  104.4344694590   0.0000000000
  29.2174957800   8.1967101819  105.3921294701   0.0000000000
  29.5599312528   8.3025834695  106.3553784332   0.0000000000
  29.9053281796   8.4094228072  107.3242324560   0.0000000000
  30.2537035260   8.5172338081  108.2987076371   0.0000000000
  30.6050743023   8.6260221015  109.2788200663   0.0000000000
  30.9594575643   8.7357933327  110.2645858251   0.0000000000
  31.3168704131   8.8465531630  111.2560209863   0.0000000000
  31.6773299949   8.9583072698  112.2531416152   0.0000000000
  32.0408535014   9.0710613467  113.2559637690   0.0000000000
  32.4074581698   9.1848211032  114.2645034973   0.0000000000
  32.7771612827   9.2995922649  115.2787768427   0.0000000000
  33.1499801681   9.4153805735  116.2987998404   0.0000000000
  33.5259321999   9.5321917865  117.3245885188   0.0000000000
  33.9050347973   9.6500316777  118.3561588996   0.0000000000
  34.2873054255   9.7689060369  119.3935269982   0.0000000000
  34.6727615951   9.8888206696  120.4367088235   0.0000000000
  35.0614208626  10.0097813978  121.4857203782   0.0000000000
  35.4533008303  10.1317940590  122.5405776594   0.0000000000
  35.8484191465  10.2548645070  123.6012966581   0.0000000000
  36.2467935051  10.3789986115  124.6678933600   0.0000000000
  36.6484416462  10.5042022583  125.7403837451   0.0000000000
  37.0533813555  10.6304813489  126.8187837884   0.0000000000
  37.4616304652  10.7578418010  127.9031094595   0.0000000000
  37.8732068531  10.8862895483  128.9933767233   0.0000000000
  38.2881284432  11.0158305403  130.0896015397   0.0000000000
  38.7064132057  11.1464707426  131.1917998640   0.0000000000
  39.1280791569  11.2782161366  132.2999876469   0.0000000000
  39.5531443591  11.4110727197  133.4141808346   0.0000000000
  39.9816269211  11.5450465053  134.5343953692   0.0000000000
  40.4135449975  11.6801435228  135.6606471885   0.0000000000
  40.8489167896  11.8163698175  136.7929522262   0.0000000000
  41.2877605447  11.9537314503  137.9313264122   0.0000000000
  41.7300945566  12.0922344986  139.0757856724   0.0000000000
  42.1759371651  12.2318850554  140.2263459291   0.0000000000
  42.6253067568  12.3726892295  141.3830231010   0.0000000000
  43.0782217644  12.5146531458  142.5458331031   0.0000000000
  43.5347006670  12.6577829453  143.7147918473   0.0000000000
  43.9947619903  12.8020847844  144.8899152417   0.0000000000
  44.4584243064  12.9475648359  146.0712191918   0.0000000000
  44.9257062338  13.0942292883  147.2587195993   0.0000000000
  45.3966264376  13.2420843459  148.4524323633   0.0000000000
  45.8712036293  13.3911362291  149.6523733798   0.0000000000
  46.3494565671  13.5413911740  150.8585585419   0.0000000000
  46.8314040556  13.6928554329  152.0710037398   0.0000000000
  47.3170649461  13.8455352735  153.2897248611   0.0000000000
  47.8064581364  13.9994369799  154.5147377907   0.0000000000
  48.2996025711  14.1545668516  155.7460584109   0.0000000000
  48.7965172413  14.3109312045  156.9837026015   0.0000000000
  49.2972211847  14.4685363700  158.2276862398   0.0000000000
  49.8017334857  14.6273886954  159.4780252008   0.0000000000
  50.3100732755  14.7874945441  160.7347353572   0.0000000000
  50.8222597320  14.9488602952  161.9978325793   0.0000000000
  51.3383120797  15.1114923436  163.2673327353   0.0000000000
  51.8582495898  15.2753971003  164.5432516912   0.0000000000
  52.3820915804  15.4405809919  165.8256053112   0.0000000000
  52.9098574163  15.6070504611  167.1144094570   0.0000000000
  53.4415665091  15.7748119663  168.4096799888   0.0000000000
  53.9772383172  15.9438719818  169.7114327645   0.0000000000
  54.5168923457  16.1142369978  171.0196836404   0.0000000000
  55.0605481465  16.2859135204  172.3344484708   0.0000000000
  55.6082253186  16.4589080714  173.6557431084   0.0000000000
  56.1599435076  16.6332271885  174.9835834041   0.0000000000
  56.7157224060  16.8088774253  176.3179852070   0.0000000000
  57.2755817532  16.9858653513  177.6589643648   0.0000000000
  57.8395413353  17.1641975518  179.0065367235   0.0000000000
  58.4076209857  17.3438806278  180.3607181274   0.0000000000
  58.9798405843  17.5249211963  181.7215244195   0.0000000000
  59.5562200580  17.7073258902  183.0889714413   0.0000000000
  60.1367793808  17.8911013581  184.4630750328   0.0000000000
  60.7215385734  18.0762542644  185.8438510326   0.0000000000
  61.3105177036  18.2627912896  187.2313152779   0.0000000000
  61.9037368860  18.4507191297  188.6254836048   0.0000000000
  62.5012162823  18.6400444968  190.0263718479   0.0000000000
  63.1029761011  18.8307741186  191.4339958405   0.0000000000
  63.7090365980  19.0229147390  192.8483714148   0.0000000000
  64.3194180755  19.2164731173  194.2695144018   0.0000000000
  64.9341408833  19.4114560288  195.6974406313   0.0000000000
  65.5532254178  19.6078702649  197.1321659320   0.0000000000
  66.1766921226  19.8057226323  198.5737061314   0.0000000000
  66.8045614883  20.0050199540  200.0220770561   0.0000000000
  67.4368540525  20.2057690686  201.4772945314   0.0000000000
  68.0735903998  20.4079768306  202.9393743817   0.0000000000
  68.7147911620  20.6116501101  204.4083324305   0.0000000000
  69.3604770176  20.8167957934  205.8841845001   0.0000000000
  70.0106686925  21.0234207824  207.3669464122   0.0000000000
  70.6653869595  21.2315319948  208.8566339871   0.0000000000
  71.3246526385  21.4411363642  210.3532630446   0.0000000000
  71.9884865963  21.6522408400  211.8568494035   0.0000000000
  72.6569097472  21.8648523874  213.3674088816   0.0000000000
  73.3299430520  22.0789779874  214.8849572960   0.0000000000
  74.0076075191  22.2946246369  216.4095104630   0.0000000000
  74.6899242038  22.5117993485  217.9410841980   0.0000000000
  75.3769142083  22.7305091508  219.4796943156   0.0000000000
  76.0685986823  22.9507610879  221.0253566299   0.0000000000
  76.7649988223  23.1725622200  222.5780869539   0.0000000000
  77.4661358720  23.3959196231  224.1379011001   0.0000000000
  78.1720311223  23.6208403888  225.7048148803   0.0000000000
  78.8827059111  23.8473316246  227.2788441056   0.0000000000
  79.5981816235  24.0754004541  228.8600045862   0.0000000000
  80.3184796917  24.3050540162  230.4483121319   0.0000000000
  81.0436215951  24.5362994660  232.0437825518   0.0000000000
  81.7736288603  24.7691439742  233.6464316545   0.0000000000
  82.5085230607  25.0035947274  235.2562752476   0.0000000000
  83.2483258173  25.2396589281  236.8733291385   0.0000000000
  83.9930587980  25.4773437944  238.4976091338   0.0000000000
  84.7427437179  25.7166565603  240.1291310398   0.0000000000
  85.4974023394  25.9576044757  241.7679106618   0.0000000000
  86.2570564717  26.2001948062  243.4139638049   0.0000000000
  87.0217279716  26.4444348331  245.0673062737   0.0000000000
  87.7914387429  26.6903318538  246.7279538721   0.0000000000
  88.5662107364  26.9378931812  248.3959224034   0.0000000000
  89.3460659505  27.1871261441  250.0712276709   0.0000000000
  90.1310264303  27.4380380874  251.7538854768   0.0000000000
  90.9211142685  27.6906363712  253.4439116232   0.0000000000
  91.7163516047  27.9449283720  255.1413219118   0.0000000000
  92.5167606258  28.2009214817  256.8461321436   0.0000000000
  93.3223635660  28.4586231082  258.5583581193   0.0000000000
  94.1331827066  28.7180406751  260.2780156392   0.0000000000
  94.9492403761  28.9791816219  262.0051205031   0.0000000000
  95.7705589501  29.2420534038  263.7396885104   0.0000000000
  96.5971608517  29.5066634919  265.4817354602   0.0000000000
  97.4290685509  29.7730193730  267.2312771511   0.0000000000
  98.2663045652  30.0411285497  268.9883293814   0.0000000000
  99.1088914591  30.3109985405  270.7529079489   0.0000000000
  99.9568518443  30.5826368797  272.5250286513   0.0000000000
 100.8102083800  30.8560511171  274.3047072857   0.0000000000
 101.6689837723  31.1312488188  276.0919596488   0.0000000000
 102.5332007747  31.4082375663  277.8868015373   0.0000000000
 103.4028821879  31.6870249570  279.6892487472   0.0000000000
 104.2780508599  31.9676186042  281.4993170744   0.0000000000
 105.1587296857  32.2500261368  283.3170223145   0.0000000000
 106.0449416079  32.5342551997  285.1423802626   0.0000000000
 106.9367096161  32.8203134535  286.9754067136   0.0000000000
 107.8340567470  33.1082085745  288.8161174622   0.0000000000
 108.7370060849  33.3979482551  290.6645283027   0.0000000000
 109.6455807611  33.6895402031  292.5206550291   0.0000000000
 110.5598039543  33.9829921424  294.3845134351   0.0000000000
 111.4796988902  34.2783118125  296.2561193144   0.0000000000
 112.4052888421  34.5755069688  298.1354884601   0.0000000000
 113.3365971302  34.8745853824  300.0226366652   0.0000000000
 114.2736471222  35.1755548404  301.9175797225   0.0000000000
 115.2164622330  35.4784231454  303.8203334243   0.0000000000
 116.1650659247  35.7831981160  305.7309135629   0.0000000000
 117.1194817067  36.0898875866  307.6493359304   0.0000000000
 118.0797331357  36.3984994072  309.5756163185   0.0000000000
 119.0458438155  36.7090414439  311.5097705188   0.0000000000
 120.0178373974  37.0215215781  313.4518143225   0.0000000000
 120.9957375798  37.3359477076  315.4017635207   0.0000000000
 121.9795681084  37.6523277456  317.3596339045   0.0000000000
 122.9693527761  37.9706696211  319.3254412643   0.0000000000
 123.9651154233  38.2909812790  321.2992013909   0.0000000000
 124.9668799375  38.6132706801  323.2809300743   0.0000000000
 125.9746702535  38.9375458006  325.2706431047   0.0000000000
 126.9885103532  39.2638146330  327.2683562721   0.0000000000
 128.0084242662  39.5920851852  329.2740853661   0.0000000000
 129.0344360689  39.9223654810  331.2878461762   0.0000000000
 130.0665698854  40.2546635600  333.3096544919   0.0000000000
 131.1048498867  40.5889874777  335.3395261023   0.0000000000
 132.1493002914  40.9253453052  337.3774767965   0.0000000000
 133.1999453651  41.2637451296  339.4235223632   0.0000000000
 134.2568094209  41.6041950535  341.4776785912   0.0000000000
 135.3199168192  41.9467031956  343.5399612689   0.0000000000
 136.3892919674  42.2912776901  345.6103861848   0.0000000000
 137.4649593206  42.6379266873  347.6889691271   0.0000000000
 138.5469433807  42.9866583530  349.7757258839   0.0000000000
 139.6352686974  43.3374808689  351.8706722430   0.0000000000
 140.7299598673  43.6904024326  353.9738239922   0.0000000000
 141.8310415345  44.0454312573  356.0851969192   0.0000000000
 142.9385383903  44.4025755721  358.2048068115   0.0000000000
 144.0524751733  44.7618436219  360.3326694564   0.0000000000
 145.1728766694  45.1232436672  362.4688006412   0.0000000000
 146.2997677119  45.4867839846  364.6132161530   0.0000000000
 147.4331731812  45.8524728662  366.7659317787   0.0000000000
 148.5731180051  46.2203186201  368.9269633053   0.0000000000
 149.7196271587  46.5903295700  371.0963265194   0.0000000000
 150.8727256644  46.9625140556  373.2740372076   0.0000000000
 152.0324385919  47.3368804322  375.4601111566   0.0000000000
 153.1987910582  47.7134370710  377.6545641525   0.0000000000
 154.3718082275  48.0921923588  379.8574119818   0.0000000000
 155.5515153114  48.4731546985  382.0686704305   0.0000000000
 156.7379375689  48.8563325085  384.2883552848   0.0000000000
 157.9311003061  49.2417342231  386.5164823306   0.0000000000
 159.1310288765  49.6293682924  388.7530673537   0.0000000000
 160.3377486808  50.0192431824  390.9981261398   0.0000000000
 161.5512851673  50.4113673746  393.2516744747   0.0000000000
 162.7716638313  50.8057493665  395.5137281439   0.0000000000
 163.9989102155  51.2023976712  397.7843029329   0.0000000000
 165.2330499098  51.6013208180  400.0634146269   0.0000000000
 166.4741085518  52.0025273514  402.3510790114   0.0000000000
 167.7221118259  52.4060258321  404.6473118714   0.0000000000
 168.9770854641  52.8118248366  406.9521289921   0.0000000000
 170.2390552457  53.2199329568  409.2655461584   0.0000000000
 171.5080469972  53.6303588008  411.5875791554   0.0000000000
 172.7840865925  54.0431109923  413.9182437679   0.0000000000
 174.0671999527  54.4581981708  416.2575557806   0.0000000000
 175.3574130464  54.8756289916  418.6055309782   0.0000000000
 176.6547518893  55.2954121258  420.9621851453   0.0000000000
 177.9592425446  55.7175562601  423.3275340665   0.0000000000
 179.2709111226  56.1420700974  425.7015935262   0.0000000000
 180.5897837811  56.5689623560  428.0843793088   0.0000000000
 181.9158867252  56.9982417701  430.4759071987   0.0000000000
 183.2492462073  57.4299170897  432.8761929801   0.0000000000
 184.5898885269  57.8639970806  435.2852524371   0.0000000000
 185.9378400311  58.3004905244  437.7031013539   0.0000000000
 187.2931271142  58.7394062184  440.1297555145   0.0000000000
 188.6557762179  59.1807529757  442.5652307029   0.0000000000
 190.0258138310  59.6245396254  445.0095427030   0.0000000000
 191.4032664898  60.0707750120  447.4627072986   0.0000000000
 192.7881607780  60.5194679961  449.9247402737   0.0000000000
 194.1805233263  60.9706274539  452.3956574118   0.0000000000
 195.5803808131  61.4242622776  454.8754744967   0.0000000000
 196.9877599638  61.8803813748  457.3642073120   0.0000000000
 198.4026875512  62.3389936694  459.8618716413   0.0000000000
 199.8251903957  62.8001081006  462.3684832680   0.0000000000
 201.2552953646  63.2637336236  464.8840579757   0.0000000000
 202.6930293727  63.7298792095  467.4086115476   0.0000000000
 204.1384193822  64.1985538449  469.9421597673   0.0000000000
 205.5914924025  64.6697665325  472.4847184179   0.0000000000
 207.0522754905  65.1435262905  475.0363032826   0.0000000000
 208.5207957501  65.6198421530  477.5969301448   0.0000000000
 209.9970803328  66.0987231700  480.1666147876   0.0000000000
 211.4811564374  66.5801784071  482.7453729940   0.0000000000
 212.9730513099  67.0642169458  485.3332205471   0.0000000000
 214.4727922436  67.5508478833  487.9301732299   0.0000000000
 215.9804065794  68.0400803326  490.5362468255   0.0000000000
 217.4959217051  68.5319234225  493.1514571166   0.0000000000
 219.0193650562  69.0263862976  495.7758198862   0.0000000000
 220.5507641154  69.5234781184  498.4093509171   0.0000000000
 222.0901464126  70.0232080608  501.0520659921   0.0000000000
 223.6375395252  70.5255853169  503.7039808941   0.0000000000
 225.1929710778  71.0306190945  506.3651114055   0.0000000000
 226.7564687424  71.5383186169  509.0354733093   0.0000000000
 228.3280602382  72.0486931235  511.7150823879   0.0000000000
 229.9077733320  72.5617518693  514.4039544240   0.0000000000
 231.4956358377  73.0775041252  517.1021052002   0.0000000000
 233.0916756165  73.5959591779  519.8095504989   0.0000000000
 234.6959205771  74.1171263297  522.5263061028   0.0000000000
 236.3083986753  74.6410148988  525.2523877941   0.0000000000
 237.9291379145  75.1676342192  527.9878113554   0.0000000000
 239.5581663452  75.6969936407  530.7325925690   0.0000000000
 241.1955120654  76.2291025288  533.4867472172   0.0000000000
 242.8412032203  76.7639702649  536.2502910825   0.0000000000
 244.4952680024  77.3016062460  539.0232399471   0.0000000000
 246.1577346517  77.8420198850  541.8056095932   0.0000000000
 247.8286314554  78.3852206107  544.5974158031   0.0000000000
 249.5079867479  78.9312178674  547.3986743590   0.0000000000
 251.1958289114  79.4800211155  550.2094010430   0.0000000000
 252.8921863748  80.0316398308  553.0296116372   0.0000000000
 254.5970876148  80.5860835053  555.8593219239   0.0000000000
 256.3105611553  81.1433616465  558.6985476850   0.0000000000
 258.0326355674  81.7034837778  561.5473047027   0.0000000000
 259.7633394696  82.2664594382  564.4056087589   0.0000000000
 261.5027015279  82.8322981829  567.2734756356   0.0000000000
 263.2507504555  83.4010095824  570.1509211149   0.0000000000
 265.0075150127  83.9726032232  573.0379609786   0.0000000000
 266.7730240076  84.5470887077  575.9346110088   0.0000000000
 268.5473062953  85.1244756539  578.8408869872   0.0000000000
 270.3303907782  85.7047736956  581.7568046958   0.0000000000
 272.1223064063  86.2879924825  584.6823799164   0.0000000000
 273.9230821766  86.8741416799  587.6176284308   0.0000000000
 275.7327471338  87.4632309690  590.5625660209   0.0000000000
 277.5513303697  88.0552700469  593.5172084685   0.0000000000
 279.3788610234  88.6502686262  596.4815715552   0.0000000000
 281.2153682814  89.2482364355  599.4556710629   0.0000000000
 283.0608813776  89.8491832190  602.4395227732   0.0000000000
 284.9154295930  90.4531187370  605.4331424678   0.0000000000
 286.7790422564  91.0600527652  608.4365459285   0.0000000000
 288.6517487433  91.6699950954  611.4497489368   0.0000000000
 290.5335784771  92.2829555349  614.4727672744   0.0000000000
 292.4245609282  92.8989439070  617.5056167230   0.0000000000
 294.3247256144  93.5179700506  620.5483130641   0.0000000000
 296.2341021010  94.1400438206  623.6008720792   0.0000000000
 298.1527200003  94.7651750876  626.6633095501   0.0000000000
 300.0806089722  95.3933737378  629.7356412581   0.0000000000
 302.0177987240  96.0246496735  632.8178829848   0.0000000000
 303.9643190100  96.6590128124  635.9100505117   0.0000000000
 305.9201996321  97.2964730883  639.0121596204   0.0000000000
 307.8854704395  97.9370404508  642.1242260922   0.0000000000
 309.8601613287  98.5807248649  645.2462657087   0.0000000000
 311.8443022434  99.2275363118  648.3782942512   0.0000000000
 313.8379231750  99.8774847883  651.5203275012   0.0000000000
 315.8410541617 100.5305803070  654.6723812401   0.0000000000
 317.8537252896 101.1868328962  657.8344712493   0.0000000000
 319.8759666917 101.8462526002  661.0066133101   0.0000000000
 321.9078085486 102.5088494788  664.1888232040   0.0000000000
 323.9492810880 103.1746336078  667.3811167122   0.0000000000
 326.0004145853 103.8436150787  670.5835096161   0.0000000000
 328.0612393628 104.5158039987  673.7960176970   0.0000000000
 330.1317857904 105.1912104910  677.0186567362   0.0000000000
 332.2120842852 105.8698446945  680.2514425151   0.0000000000
 334.3021653119 106.5517167636  683.4943908147   0.0000000000
 336.4020593822 107.2368368689  686.7475174166   0.0000000000
 338.5117970554 107.9252151964  690.0108381017   0.0000000000
 340.6314089379 108.6168619483  693.2843686515   0.0000000000
 342.7609256835 109.3117873423  696.5681248472   0.0000000000
 344.9003779936 110.0100016118  699.8621224699   0.0000000000
 347.0497966165 110.7115150063  703.1663773008   0.0000000000
 349.2092123482 111.4163377908  706.4809051211   0.0000000000
 351.3786560318 112.1244802461  709.8057217121   0.0000000000
 353.5581585580 112.8359526691  713.1408428548   0.0000000000
 355.7477508644 113.5507653720  716.4862843304   0.0000000000
 357.9474639365 114.2689286831  719.8420619201   0.0000000000
 360.1573288066 114.9904529464  723.2081914049   0.0000000000
 362.3773765547 115.7153485218  726.5846885660   0.0000000000
 364.6076383079 116.4436257847  729.9715691846   0.0000000000
 366.8481452409 117.1752951266  733.3688490416   0.0000000000
 369.0989285755 117.9103669545  736.7765439182   0.0000000000
 371.3600195809 118.6488516913  740.1946695955   0.0000000000
 373.6314495737 119.3907597759  743.6232418545   0.0000000000
 375.9132499178 120.1361016625  747.0622764763   0.0000000000
 378.2054520243 120.8848878215  750.5117892419   0.0000000000
 380.5080873520 121.6371287390  753.9717959324   0.0000000000
 382.8211874066 122.3928349166  757.4423123287   0.0000000000
 385.1447837415 123.1520168721  760.9233542120   0.0000000000
 387.4789079571 123.9146851388  764.4149373631   0.0000000000
 389.8235917015 124.6808502659  767.9170775632   0.0000000000
 392.1788666698 125.4505228182  771.4297905932   0.0000000000
 394.5447646047 126.2237133766  774.9530922340   0.0000000000
 396.9213172961 127.0004325375  778.4869982668   0.0000000000
 399.3085565812 127.7806909132  782.0315244723   0.0000000000
 401.7065143446 128.5644991317  785.5866866316   0.0000000000
 404.1152225183 129.3518678370  789.1525005257   0.0000000000
 406.5347130816 130.1428076886  792.7289819354   0.0000000000
 408.9650180611 130.9373293620  796.3161466417   0.0000000000
 411.4061695307 131.7354435483  799.9140104255   0.0000000000
 413.8581996117 132.5371609545  803.5225890678   0.0000000000
 416.3211404727 133.3424923033  807.1418983495   0.0000000000
 418.7950243298 134.1514483333  810.7719540514   0.0000000000
 421.2798834461 134.9640397988  814.4127719545   0.0000000000
 423.7757501324 135.7802774699  818.0643678396   0.0000000000
 426.2826567466 136.6001721324  821.7267574876   0.0000000000
 428.8006356941 137.4237345880  825.3999566794   0.0000000000
 431.3297194274 138.2509756542  829.0839811959   0.0000000000
 433.8699404466 139.0819061641  832.7788468179   0.0000000000
 436.4213312991 139.9165369668  836.4845693263   0.0000000000
 438.9839245794 140.7548789270  840.2011645020   0.0000000000
 441.5577529296 141.5969429253  843.9286481257   0.0000000000
 444.1428490390 142.4427398580  847.6670359783   0.0000000000
 446.7392456443 143.2922806372  851.4163438407   0.0000000000
 449.3469755296 144.1455761909  855.1765874936   0.0000000000
 451.9660715262 145.0026374627  858.9477827179   0.0000000000
 454.5965665127 145.8634754121  862.7299452944   0.0000000000
 457.2384934153 146.7281010144  866.5230910039   0.0000000000
 459.8918852073 147.5965252605  870.3272356272   0.0000000000
 462.5567749094 148.4687591572  874.1423949450   0.0000000000
 465.2331955896 149.3448137272  877.9685847383   0.0000000000
 467.9211803634 150.2247000088  881.8058207877   0.0000000000
 470.6207623935 151.1084290561  885.6541188741   0.0000000000
 473.3319748899 151.9960119391  889.5134947782   0.0000000000
 476.0548511101 152.8874597435  893.3839642807   0.0000000000
 478.7894243588 153.7827835708  897.2655431625   0.0000000000
 481.5357279881 154.6819945382  901.1582472044   0.0000000000
 484.2937953973 155.5851037789  905.0620921869   0.0000000000
 487.0636600333 156.4921224415  908.9770938910   0.0000000000
 489.8453553902 157.4030616908  912.9032680974   0.0000000000
 492.6389150094 158.3179327071  916.8406305867   0.0000000000
 495.4443724797 159.2367466867  920.7891971397   0.0000000000
 498.2617614371 160.1595148414  924.7489835372   0.0000000000
 501.0911155652 161.0862483989  928.7200055599   0.0000000000
 503.9324685948 162.0169586029  932.7022789884   0.0000000000
 506.7858543039 162.9516567127  936.6958196036   0.0000000000
 509.6513065181 163.8903540031  940.7006431861   0.0000000000
 512.5288591101 164.8330617653  944.7167655166   0.0000000000
 515.4185460002 165.7797913057  948.7442023759   0.0000000000
 518.3204011558 166.7305539468  952.7829695446   0.0000000000
 521.2344585916 167.6853610268  956.8330828034   0.0000000000
 524.1607523700 168.6442238997  960.8945579330   0.0000000000
 527.0993166004 169.6071539352  964.9674107142   0.0000000000
 530.0501854397 170.5741625189  969.0516569275   0.0000000000
 533.0133930920 171.5452610521  973.1473123537   0.0000000000
 535.9889738088 172.5204609520  977.2543927735   0.0000000000
 538.9769618891 173.4997736513  981.3729139675   0.0000000000
 541.9773916790 174.4832105988  985.5028917163   0.0000000000
 544.9902975721 175.4707832588  989.6443418008   0.0000000000
 548.0157140093 176.4625031117  993.7972800014   0.0000000000
 551.0536754787 177.4583816535  997.9617220989   0.0000000000
 554.1042165160 178.4584303958 1002.1376838739   0.0000000000
 557.1673717041 179.4626608664 1006.3251811071   0.0000000000
 560.2431756731 180.4710846084 1010.5242295792   0.0000000000
 563.3316631007 181.4837131812 1014.7348450707   0.0000000000
 566.4328687118 182.5005581595 1018.9570433623   0.0000000000
 569.5468272786 183.5216311341 1023.1908402347   0.0000000000
 572.6735736208 184.5469437114 1027.4362514684   0.0000000000
 575.8131426052 185.5765075138 1031.6932928442   0.0000000000
 578.9655691463 186.6103341791 1035.9619801426   0.0000000000
 582.1308882055 187.6484353613 1040.2423291443   0.0000000000
 585.3091347919 188.6908227299 1044.5343556299   0.0000000000
 588.5003439617 189.7375079703 1048.8380753800   0.0000000000
 591.7045508185 190.7885027837 1053.1535041752   0.0000000000
 594.9217905135 191.8438188869 1057.4806577962   0.0000000000
 598.1520982448 192.9034680128 1061.8195520236   0.0000000000
 601.3955092581 193.9674619098 1066.1702026379   0.0000000000
 604.6520588464 195.0358123421 1070.5326254198   0.0000000000
 607.9217823502 196.1085310899 1074.9068361499   0.0000000000
 611.2047151569 197.1856299490 1079.2928506087   0.0000000000
 614.5008927017 198.2671207310 1083.6906845769   0.0000000000
 617.8103504669 199.3530152633 1088.1003538352   0.0000000000
 621.1331239823 200.4433253890 1092.5218741639   0.0000000000
 624.4692488247 201.5380629672 1096.9552613439   0.0000000000
 627.8187606187 202.6372398726 1101.4005311556   0.0000000000
 631.1816950359 203.7408679956 1105.8576993796   0.0000000000
 634.5580877955 204.8489592427 1110.3267817965   0.0000000000
 637.9479746636 205.9615255359 1114.8077941870   0.0000000000
 641.3513914543 207.0785788130 1119.3007523315   0.0000000000
 644.7683740284 208.2001310277 1123.8056720107   0.0000000000
 648.1989582944 209.3261941495 1128.3225690051   0.0000000000
 651.6431802081 210.4567801634 1132.8514590953   0.0000000000
 655.1010757726 211.5919010706 1137.3923580619   0.0000000000
 658.5726810382 212.7315688878 1141.9452816855   0.0000000000
 662.0580321029 213.8757956475 1146.5102457465   0.0000000000
 665.5571651116 215.0245933980 1151.0872660256   0.0000000000
 669.0701162569 216.1779742035 1155.6763583034   0.0000000000
 672.5969217785 217.3359501439 1160.2775383604   0.0000000000
 676.1376179636 218.4985333148 1164.8908219771   0.0000000000
 679.6922411467 219.6657358276 1169.5162249341   0.0000000000
 683.2608277096 220.8375698097 1174.1537630120   0.0000000000
 686.8434140813 222.0140474039 1178.8034519913   0.0000000000
 690.4400367386 223.1951807692 1183.4653076526   0.0000000000
 694.0507322051 224.3809820801 1188.1393457764   0.0000000000
 697.6755370520 225.5714635269 1192.8255821432   0.0000000000
 701.3144878979 226.7666373157 1197.5240325337   0.0000000000
 704.9676214086 227.9665156685 1202.2347127283   0.0000000000
 708.6349742974 229.1711108230 1206.9576385076   0.0000000000
 712.3165833247 230.3804350327 1211.6928256522   0.0000000000
 716.0124852985 231.5945005667 1216.4402899425   0.0000000000
 719.7227170739 232.8133197102 1221.2000471591   0.0000000000
 723.4473155536 234.0369047639 1225.9721130826   0.0000000000
 727.1863176874 235.2652680445 1230.7565034934   0.0000000000
 730.9397604725 236.4984218843 1235.5532341722   0.0000000000
 734.7076809536 237.7363786315 1240.3623208994   0.0000000000
 738.4901162225 238.9791506501 1245.1837794555   0.0000000000
 742.2871034186 240.2267503197 1250.0176256212   0.0000000000
 746.0986797284 241.4791900358 1254.8638751769   0.0000000000
 749.9248823859 242.7364822097 1259.7225439031   0.0000000000
 753.7657486723 243.9986392686 1264.5936475804   0.0000000000
 757.6213159164 245.2656736551 1269.4772019892   0.0000000000
 761.4916214939 246.5375978281 1274.3732229102   0.0000000000
 765.3767028283 247.8144242617 1279.2817261238   0.0000000000
 769.2765973902 249.0961654463 1284.2027274105   0.0000000000
 773.1913426976 250.3828338878 1289.1362425509   0.0000000000
 777.1209763158 251.6744421080 1294.0822873255   0.0000000000
 781.0655358575 252.9710026443 1299.0408775148   0.0000000000
 785.0250589826 254.2725280501 1304.0120288992   0.0000000000
 788.9995833985 255.5790308944 1308.9957572593   0.0000000000
 792.9891468600 256.8905237622 1313.9920783757   0.0000000000
