  1.5  0.592101407  0.853372834  0.34355342
  2.5  0.756540489  0.935982454  0.577746942
  3.5  0.816072481  0.966324204  0.669525019
  4.5  0.859551509  0.987795462  0.727191793
  5.5  0.894674086  1.00889023  0.783067895
  6.5  0.926230202  1.02660558  0.828339584
  7.5  0.950651466  1.03493356  0.865837286
  8.5  0.965919021  1.0443189  0.892914878
  9.5  0.986651561  1.04484479  0.908452815
  10.5  0.999840929  1.05772541  0.932794284
  11.5  1.01247992  1.06743113  0.953784102
  12.5  1.02419055  1.08089066  0.973885964
  13.5  1.03404139  1.10077531  0.992265405
  14.5  1.04309006  1.09705109  0.9996725
  15.5  1.05362106  1.1082831  1.01043431
  16.5  1.0604613  1.10605301  1.01370962
  17.5  1.06633783  1.11581466  1.02088532
  18.5  1.0667555  1.11455091  1.02636768
  19.5  1.07606029  1.12461738  1.02758454
  20.5  1.08147474  1.13334071  1.02588993
  21.5  1.07623188  1.12500684  1.01798544
  22.5  1.08240535  1.14568951  1.04546815
  23.5  1.09268747  1.13564919  1.03724955
  24.5  1.09239225  1.13130422  1.0388486
  25.5  1.10549895  1.159638  1.0512237
  26.5  1.10234485  1.14917838  1.04205324
  27.5  1.08689611  1.158347  1.05150483
  28.5  1.10550399  1.16188534  1.04839418
  29.5  1.11086718  1.14731646  1.01990829
  30.5  1.10629476  1.16064128  1.04494455
  31.5  1.0910511  1.16960563  1.0474186
  32.5  1.10463259  1.15670902  1.04235218
  33.5  1.10107391  1.16892562  1.06161593
  34.5  1.10333333  1.16024517  1.05171348
  35.5  1.11227154  1.15504811  1.04391939
  36.5  1.10543099  1.14808593  1.05774266
  37.5  1.1150003  1.15664355  1.05579196
  38.5  1.10413695  1.158219  1.05775765
  39.5  1.11420722  1.14371879  1.04046078
  40.5  1.10429448  1.22568486  1.07202595
  41.5  1.11608072  1.1660825  1.03661341
  42.5  1.1117605  1.18620327  1.03457163
  43.5  1.10356997  1.17243816  1.05219064
  44.5  1.10882353  1.15755589  1.03496164
  45.5  1.1022807  1.17696873  1.04109361
  46.5  1.10780226  1.14911863  1.01626812
  47.5  1.09565412  1.15998057  1.04507448
  48.5  1.10871795  1.17441904  1.06692308
  49.5  1.08683314  1.15180373  1.05952642
