  1.5  0.89545667  0.515902137  0.779553306  0.304609326
  2.5  1.48318296  1.1144775  1.36192024  0.825384791
  3.5  0.975193304  0.778808705  0.949447315  0.641517758
  4.5  0.429089132  0.362424412  0.422390599  0.306451163
  5.5  0.184923732  0.162695361  0.186007291  0.139634484
  6.5  0.0878530479  0.0800221356  0.0894919347  0.0712040784
  7.5  0.0460657498  0.0429843673  0.0472536989  0.0387963663
  8.5  0.0260275871  0.0247387494  0.0266801524  0.0224544293
  9.5  0.0154925628  0.015052074  0.0161002841  0.0135718596
  10.5  0.00972950074  0.00952353143  0.0101483698  0.00885470007
  11.5  0.00633202678  0.00625453338  0.00662005197  0.00582579509
  12.5  0.00421951582  0.00422420621  0.00452336653  0.00400628517
  13.5  0.00291660699  0.00294760435  0.00314955541  0.0027955639
  14.5  0.00205031231  0.00210313018  0.00222607038  0.00201082127
  15.5  0.00147074323  0.00152865935  0.00160842466  0.00145795208
  16.5  0.001083888  0.00113425871  0.00118495286  0.00108121182
  17.5  0.000807358906  0.000853243158  0.000887202863  0.000809848213
  18.5  0.000618315788  0.000647885639  0.000678919874  0.000621293291
  19.5  0.000471486181  0.000501667823  0.000522674593  0.000477099546
  20.5  0.000365075502  0.000388160379  0.000413241532  0.000371589488
  21.5  0.000287806422  0.000305956193  0.000321202549  0.000291116308
  22.5  0.000225893271  0.000241738633  0.000259118866  0.000234281344
  23.5  0.000179866268  0.00019815879  0.000204084071  0.000181326755
  24.5  0.000146177031  0.000158575975  0.000165977876  0.000153063675
  25.5  0.000118401763  0.000129964595  0.000136698239  0.000125274249
  26.5  9.61122133E-05  0.000107491508  0.00011169405  0.000101535774
  27.5  8.07562836E-05  8.8362873E-05  9.39596651E-05  8.42974475E-05
  28.5  6.6807471E-05  7.36391263E-05  7.85742747E-05  6.91355963E-05
  29.5  5.53262115E-05  6.22598318E-05  6.47268792E-05  5.53955041E-05
  30.5  4.64348631E-05  5.15127203E-05  5.48796659E-05  4.83657823E-05
  31.5  3.92789591E-05  4.3498271E-05  4.6481231E-05  4.07968502E-05
  32.5  3.30387008E-05  3.6954157E-05  3.88983406E-05  3.46227731E-05
  33.5  2.81770094E-05  3.13052957E-05  3.29774882E-05  2.99088337E-05
  34.5  2.3988287E-05  2.71022982E-05  2.81152845E-05  2.49113524E-05
  35.5  2.0590813E-05  2.34539904E-05  2.41081767E-05  2.09512365E-05
  36.5  1.7852033E-05  2.00442806E-05  2.07675051E-05  1.87000384E-05
  37.5  1.53885585E-05  1.73972691E-05  1.80759272E-05  1.60423203E-05
  38.5  1.33431405E-05  1.50051701E-05  1.6003434E-05  1.42091871E-05
  39.5  1.17320934E-05  1.31983502E-05  1.35622153E-05  1.20752234E-05
  40.5  9.90284124E-06  1.12752902E-05  1.25107544E-05  1.07859219E-05
  41.5  8.7995799E-06  1.00598674E-05  1.06921721E-05  9.16503744E-06
  42.5  7.78196915E-06  8.73636159E-06  9.54300983E-06  8.16026744E-06
  43.5  6.7602798E-06  7.66165044E-06  8.27583875E-06  7.36725574E-06
  44.5  5.97514927E-06  6.7623191E-06  7.2983215E-06  6.40192221E-06
  45.5  5.36743784E-06  5.97718857E-06  6.62317691E-06  5.73388716E-06
  46.5  4.69650811E-06  5.38375224E-06  5.57890804E-06  4.87679848E-06
  47.5  4.16302721E-06  4.70262601E-06  5.12689846E-06  4.51356408E-06
  48.5  3.66135938E-06  4.18790667E-06  4.5510349E-06  3.99381297E-06
  49.5  3.33486744E-06  3.76985015E-06  3.94542572E-06  3.56396425E-06
