  1.5  0.609347128  0.871248193  0.358637425
  2.5  0.800966962  0.981691926  0.624215579
  3.5  0.859550562  0.97753491  0.727749583
  4.5  0.899622107  1.01830979  0.789851752
  5.5  0.934860415  1.02670317  0.836020267
  6.5  0.941147049  1.03275178  0.854326372
  7.5  0.96305743  1.04203404  0.882856717
  8.5  0.965155186  1.04958471  0.883736258
  9.5  0.976453856  1.04167647  0.896877005
  10.5  0.993318966  1.0714433  0.931450876
  11.5  1.00258844  1.07293576  0.946275995
  12.5  1.01628788  1.07314519  0.948812583
  13.5  1.02320186  1.07475744  0.963308177
  14.5  1.01113418  1.06918134  0.959674466
  15.5  1.02216089  1.07191765  0.968736731
  16.5  1.01861812  1.09052388  0.983929926
  17.5  1.03125  1.12483719  1.00500247
  18.5  1.06065628  1.10525547  1.00597121
  19.5  1.06389906  1.10301612  0.984647818
  20.5  1.06131718  1.13757929  1.00295269
  21.5  1.06498756  1.13621982  1.03305846
  22.5  1.06648936  1.13640127  1.0278008
  23.5  1.06232814  1.12878726  1.02394336
  24.5  1.09335707  1.1223578  1.00493833
  25.5  1.08183766  1.16180734  1.03767084
  26.5  1.07459485  1.1333051  1.02750405
  27.5  1.09488345  1.18086491  1.05996417
  28.5  1.11214003  1.14110336  1.00878384
  29.5  1.10469942  1.17580097  1.03017188
  30.5  1.10593622  1.17887693  1.04569087
  31.5  1.12083642  1.16053603  1.03391796
  32.5  1.13955026  1.21420373  1.07081067
  33.5  1.11770624  1.18668578  1.07427448
  34.5  1.12171148  1.17448328  1.02729801
  35.5  1.13872832  1.20967943  1.03753869
  36.5  1.14319434  1.20998629  1.04420743
  37.5  1.11051454  1.23850378  1.0701319
  38.5  1.13748968  1.20694525  1.06556974
  39.5  1.14242229  1.18433923  1.04594746
  40.5  1.14523409  1.2425751  1.0592812
  41.5  1.13629026  1.23992973  1.07968611
  42.5  1.12933458  1.18573336  1.03897027
  43.5  1.1425486  1.23534818  1.07869649
  44.5  1.12863706  1.23541349  1.05697118
  45.5  1.13844622  1.22686034  1.09732699
  46.5  1.1582102  1.21581649  1.02640925
  47.5  1.13065248  1.27196485  1.07693014
  48.5  1.15596976  1.22072651  1.09327066
  49.5  1.18489066  1.24103071  1.07080029
