  0.25  0.84876579  0.986238898  0.714769213
  0.75  0.863630945  0.992272913  0.733895234
  1.25  0.87567772  1.00070218  0.7577282
  1.75  0.922382162  1.02662934  0.812821176
  2.25  0.953886693  1.04377612  0.863454576
  2.75  1.01218231  1.07136029  0.938216649
  3.25  1.00299581  1.06513694  0.938134014
  3.75  0.949160671  0.984723501  0.886925027
  4.25  0.860303894  0.953004491  0.762462593
  4.75  0.72112462  0.922489374  0.53479027
  5.25  0.623319095  0.915709529  0.325918966
  5.75  2.15412186  2.68184335  1.64460471
