  0.5  0.000991606334  0.000924963162  0.00105320575  0.00077870835
  1.5  0.00269062167  0.00254654024  0.00286383731  0.00223131151
  2.5  0.00455596956  0.00468154512  0.00473591257  0.00414578373
  3.5  0.00457733944  0.00446498235  0.00491226452  0.00421741898
  4.5  0.00340596177  0.00342380672  0.0036254829  0.00324780227
  5.5  0.0020940276  0.00214227505  0.00225918618  0.0020405135
  6.5  0.00127338027  0.00129761415  0.00136188182  0.00126284455
  7.5  0.00083298457  0.000840254734  0.000858185153  0.000805193907
  8.5  0.000573241431  0.000575664819  0.000593169257  0.000554882171
  9.5  0.000390584064  0.000401885864  0.000420502829  0.000389070659
  10.5  0.000275781562  0.000281641755  0.000288187721  0.000268259426
  11.5  0.000198739852  0.000202022441  0.000209211845  0.00019864583
  12.5  0.000144830483  0.000143949251  0.000153051545  0.00014257997
  13.5  0.000104756457  0.000108677939  0.00010977285  9.70068329E-05
  14.5  7.91346357E-05  7.6336724E-05  8.20104572E-05  7.36632703E-05
  15.5  5.72139891E-05  5.77427283E-05  5.9979804E-05  5.43399858E-05
  16.5  4.29380303E-05  4.12416587E-05  4.51116414E-05  3.94395042E-05
  17.5  3.3407506E-05  3.20658302E-05  3.4667818E-05  2.99408707E-05
  18.5  2.48903985E-05  2.45841704E-05  2.58644234E-05  2.31106886E-05
  19.5  1.85939957E-05  1.88605684E-05  1.94983325E-05  1.74168128E-05
  20.5  1.45403284E-05  1.40997124E-05  1.61248427E-05  1.35791324E-05
  21.5  1.15771857E-05  1.09272771E-05  1.1739473E-05  1.02772714E-05
  22.5  9.0700806E-06  8.52591982E-06  8.87218206E-06  7.36229932E-06
  23.5  6.99698226E-06  6.41977529E-06  7.24271638E-06  5.96156112E-06
  24.5  5.50329399E-06  5.18605046E-06  5.58320414E-06  4.41115291E-06
  25.5  4.25040236E-06  3.96135825E-06  4.73143728E-06  3.88796625E-06
  26.5  3.51391269E-06  3.23037629E-06  3.70761601E-06  2.93244052E-06
  27.5  2.80011475E-06  2.72521003E-06  2.78271042E-06  2.03111219E-06
  28.5  2.25353059E-06  2.01868226E-06  2.44700873E-06  1.88787959E-06
  29.5  1.75475327E-06  1.73867078E-06  2.0391558E-06  1.3573595E-06
  30.5  1.45249068E-06  1.39763399E-06  1.58038277E-06  1.00936108E-06
  31.5  1.31634033E-06  1.05241134E-06  1.30132566E-06  9.51574995E-07
  32.5  1.02707592E-06  9.07668984E-07  9.79076311E-07  7.42628141E-07
  33.5  8.07869457E-07  7.4904722E-07  8.60674701E-07  6.46934994E-07
  34.5  6.67092642E-07  6.26996585E-07  7.24421807E-07  4.61079058E-07
  35.5  5.73021123E-07  5.16181658E-07  6.05821842E-07  4.22960387E-07
  36.5  4.66039555E-07  4.41651459E-07  4.76585175E-07  3.49810923E-07
  37.5  3.6379461E-07  3.48857727E-07  4.16604613E-07  2.83127033E-07
  38.5  3.14886233E-07  2.87391794E-07  3.60346157E-07  2.3179109E-07
  39.5  2.50049587E-07  2.31367468E-07  2.88899612E-07  1.78875231E-07
  40.5  2.53310145E-07  2.0116324E-07  2.26278556E-07  1.51961626E-07
  41.5  1.83031891E-07  1.64173526E-07  2.09314201E-07  1.27892563E-07
  42.5  1.64393834E-07  1.34387884E-07  1.7953416E-07  1.00103824E-07
  43.5  1.3676721E-07  1.0980151E-07  1.64774988E-07  7.79320933E-08
  44.5  1.14956717E-07  1.04139594E-07  1.25659503E-07  6.90565007E-08
  45.5  9.15159456E-08  8.00819601E-08  1.24185763E-07  6.91581925E-08
  46.5  7.65129704E-08  7.92227589E-08  8.25714406E-08  4.72780904E-08
  47.5  7.02782539E-08  6.36910445E-08  6.88489344E-08  4.06632503E-08
  48.5  5.81613135E-08  5.02302253E-08  7.06357303E-08  4.08173103E-08
  49.5  5.43720158E-08  4.26362084E-08  5.11925581E-08  3.00662025E-08
