 -5.75  4.91727469E-07  1.05924089E-06  1.31852872E-06  8.08697313E-07
 -5.25  0.000278513381  0.000173602709  0.000254996926  9.07332262E-05
 -4.75  0.00173955201  0.00125443379  0.00160474901  0.000930264048
 -4.25  0.0046396866  0.00399198107  0.0044209784  0.0035370852
 -3.75  0.00919125  0.00871979087  0.00904650103  0.00814804172
 -3.25  0.0147077625  0.0147518241  0.0156657811  0.0137978522
 -2.75  0.0209777283  0.0212332856  0.0224732185  0.019681654
 -2.25  0.0267542042  0.0255204794  0.0279220913  0.0231020955
 -1.75  0.0312220506  0.0287986625  0.032053473  0.0253802886
 -1.25  0.0349452559  0.030600782  0.0349697936  0.0264777885
 -0.75  0.0369632772  0.03192263  0.0366774628  0.0271268167
 -0.25  0.0380207556  0.0322707167  0.0374977952  0.027176944
  0.25  0.0380207556  0.0322707167  0.0374975482  0.0271760656
  0.75  0.0369632772  0.03192263  0.0366776587  0.027127173
  1.25  0.0349452559  0.030600782  0.0349697936  0.0264790059
  1.75  0.0312220506  0.0287986625  0.032053473  0.0253779439
  2.25  0.0267542042  0.0255204794  0.0279253994  0.0231010401
  2.75  0.0209777283  0.0212332856  0.0224747051  0.019681654
  3.25  0.0147077625  0.0147518241  0.0156657811  0.0137978522
  3.75  0.00918684384  0.00871979087  0.00904650103  0.00814804172
  4.25  0.0046396866  0.00399154045  0.00442164217  0.00353758748
  4.75  0.00173955201  0.00125443379  0.00160471825  0.000930295491
  5.25  0.000278513381  0.000173602709  0.000255037357  9.0772793E-05
  5.75  4.91727469E-07  1.05924089E-06  1.31873604E-06  8.08697313E-07
