   5.0000E-01    2.8869E+02    4.4144E+02    1.1781E+02
   1.5000E+00    3.0931E+02    4.5233E+02    1.8211E+02
   2.5000E+00    1.1750E+02    1.5680E+02    8.4965E+01
   3.5000E+00    4.3300E+01    5.4175E+01    3.4390E+01
   4.5000E+00    1.7681E+01    2.1138E+01    1.4791E+01
   5.5000E+00    8.0812E+00    9.3612E+00    6.9954E+00
   6.5000E+00    4.0281E+00    4.5703E+00    3.5658E+00
   7.5000E+00    2.1100E+00    2.3460E+00    1.9072E+00
   8.5000E+00    1.1837E+00    1.2999E+00    1.0852E+00
   9.5000E+00    6.9562E-01    7.5456E-01    6.4600E-01
   1.0500E+01    4.2669E-01    4.5839E-01    3.9955E-01
   1.1500E+01    2.7169E-01    2.8945E-01    2.5634E-01
   1.2500E+01    1.7819E-01    1.8859E-01    1.6926E-01
   1.3500E+01    1.2044E-01    1.2668E-01    1.1499E-01
   1.4500E+01    8.3500E-02    8.7463E-02    8.0178E-02
   1.5500E+01    5.9394E-02    6.1973E-02    5.7162E-02
   1.6500E+01    4.2688E-02    4.4446E-02    4.1165E-02
   1.7500E+01    3.0906E-02    3.2078E-02    2.9894E-02
   1.8500E+01    2.2769E-02    2.3539E-02    2.2101E-02
   1.9500E+01    1.7062E-02    1.7598E-02    1.6591E-02
   2.0500E+01    1.2987E-02    1.3386E-02    1.2641E-02
   2.1500E+01    9.9875E-03    1.0284E-02    9.7298E-03
   2.2500E+01    7.7688E-03    7.9987E-03    7.5735E-03
   2.3500E+01    6.0956E-03    6.2667E-03    5.9445E-03
   2.4500E+01    4.8281E-03    4.9616E-03    4.7103E-03
   2.5500E+01    3.8525E-03    3.9564E-03    3.7608E-03
   2.6500E+01    3.0987E-03    3.1810E-03    3.0261E-03
   2.7500E+01    2.5094E-03    2.5739E-03    2.4514E-03
   2.8500E+01    2.0456E-03    2.0978E-03    1.9992E-03
   2.9500E+01    1.6775E-03    1.7195E-03    1.6399E-03
   3.0500E+01    1.3831E-03    1.4180E-03    1.3531E-03
   3.1500E+01    1.1469E-03    1.1765E-03    1.1208E-03
   3.2500E+01    9.5562E-04    9.8044E-04    9.3351E-04
   3.3500E+01    8.0063E-04    8.2151E-04    7.8110E-04
   3.4500E+01    6.7313E-04    6.9138E-04    6.5662E-04
   3.5500E+01    5.6856E-04    5.8396E-04    5.5422E-04
   3.6500E+01    4.8212E-04    4.9538E-04    4.6969E-04
   3.7500E+01    4.1044E-04    4.2185E-04    3.9953E-04
   3.8500E+01    3.5062E-04    3.6054E-04    3.4107E-04
   3.9500E+01    3.0056E-04    3.0920E-04    2.9223E-04
   4.0500E+01    2.5850E-04    2.6603E-04    2.5114E-04
   4.1500E+01    2.2300E-04    2.2959E-04    2.1657E-04
   4.2500E+01    1.9294E-04    1.9874E-04    1.8726E-04
   4.3500E+01    1.6744E-04    1.7248E-04    1.6238E-04
   4.4500E+01    1.4569E-04    1.5014E-04    1.4122E-04
   4.5500E+01    1.2712E-04    1.3104E-04    1.2310E-04
   4.6500E+01    1.1112E-04    1.1462E-04    1.0760E-04
   4.7500E+01    9.7438E-05    1.0054E-04    9.4277E-05
   4.8500E+01    8.5625E-05    8.8364E-05    8.2744E-05
   4.9500E+01    7.5375E-05    7.7835E-05    7.2856E-05
