   5.0000E-01    1.4625E+00    1.7111E+00    1.1925E+00
   1.5000E+00    3.4956E+00    4.0389E+00    2.9042E+00
   2.5000E+00    4.1044E+00    4.6782E+00    3.4779E+00
   3.5000E+00    3.7094E+00    4.1724E+00    3.1994E+00
   4.5000E+00    2.9206E+00    3.2434E+00    2.5611E+00
   5.5000E+00    2.1419E+00    2.3543E+00    1.9045E+00
   6.5000E+00    1.5181E+00    1.6638E+00    1.3691E+00
   7.5000E+00    1.0681E+00    1.1671E+00    9.7382E-01
   8.5000E+00    7.5312E-01    8.2060E-01    6.9343E-01
   9.5000E+00    5.2912E-01    5.7551E-01    4.9156E-01
   1.0500E+01    3.8150E-01    4.1401E-01    3.5599E-01
   1.1500E+01    2.7537E-01    2.9819E-01    2.5749E-01
   1.2500E+01    2.0237E-01    2.1873E-01    1.8962E-01
   1.3500E+01    1.5063E-01    1.6246E-01    1.4135E-01
   1.4500E+01    1.1300E-01    1.2160E-01    1.0620E-01
   1.5500E+01    8.6250E-02    9.2702E-02    8.1236E-02
   1.6500E+01    6.6187E-02    7.0944E-02    6.2386E-02
   1.7500E+01    5.1500E-02    5.5146E-02    4.8617E-02
   1.8500E+01    4.0544E-02    4.3344E-02    3.8318E-02
   1.9500E+01    3.2475E-02    3.4669E-02    3.0725E-02
   2.0500E+01    2.6562E-02    2.8325E-02    2.5156E-02
   2.1500E+01    2.1725E-02    2.3138E-02    2.0593E-02
   2.2500E+01    1.7731E-02    1.8864E-02    1.6823E-02
   2.3500E+01    1.4444E-02    1.5353E-02    1.3716E-02
   2.4500E+01    1.1750E-02    1.2479E-02    1.1165E-02
   2.5500E+01    9.5563E-03    1.0135E-02    9.0825E-03
   2.6500E+01    7.7687E-03    8.2363E-03    7.3957E-03
   2.7500E+01    6.3438E-03    6.7168E-03    6.0452E-03
   2.8500E+01    5.2362E-03    5.5370E-03    4.9913E-03
   2.9500E+01    4.4006E-03    4.6492E-03    4.1980E-03
   3.0500E+01    3.7525E-03    3.9624E-03    3.5809E-03
   3.1500E+01    3.2000E-03    3.3769E-03    3.0552E-03
   3.2500E+01    2.7269E-03    2.8763E-03    2.6039E-03
   3.3500E+01    2.3225E-03    2.4480E-03    2.2183E-03
   3.4500E+01    1.9775E-03    2.0836E-03    1.8898E-03
   3.5500E+01    1.6844E-03    1.7741E-03    1.6106E-03
   3.6500E+01    1.4375E-03    1.5133E-03    1.3754E-03
   3.7500E+01    1.2319E-03    1.2960E-03    1.1789E-03
   3.8500E+01    1.0631E-03    1.1176E-03    1.0179E-03
   3.9500E+01    9.2625E-04    9.7313E-04    8.8672E-04
   4.0500E+01    8.1187E-04    8.5240E-04    7.7748E-04
   4.1500E+01    7.1125E-04    7.4663E-04    6.8140E-04
   4.2500E+01    6.2319E-04    6.5414E-04    5.9715E-04
   4.3500E+01    5.4600E-04    5.7304E-04    5.2328E-04
   4.4500E+01    4.7850E-04    5.0206E-04    4.5871E-04
   4.5500E+01    4.1981E-04    4.4032E-04    4.0253E-04
   4.6500E+01    3.6900E-04    3.8688E-04    3.5391E-04
   4.7500E+01    3.2538E-04    3.4102E-04    3.1216E-04
   4.8500E+01    2.8825E-04    3.0204E-04    2.7664E-04
   4.9500E+01    2.5669E-04    2.6890E-04    2.4642E-04
