  1.5  0.798997776  0.580180876  0.762446281  0.481710611
  2.5  0.990691984  0.866294679  0.966769486  0.718483541
  3.5  0.582220176  0.538375224  0.591012479  0.477448596
  4.5  0.235967414  0.227871392  0.247738959  0.206717784
  5.5  0.0917685041  0.0913402511  0.0976796869  0.0841183354
  6.5  0.0393972385  0.0401089542  0.0420104055  0.0372782176
  7.5  0.0188145826  0.0191694209  0.0203696819  0.0183885021
  8.5  0.00976824744  0.0100394744  0.0105427024  0.00959952874
  9.5  0.00540006664  0.00561419315  0.00572327188  0.0052499568
  10.5  0.00313134529  0.00321883126  0.00336391912  0.00313207325
  11.5  0.00188676044  0.00194508443  0.00196323878  0.00184801696
  12.5  0.00117912331  0.00119992417  0.0012263463  0.00115849776
  13.5  0.000763717884  0.000770651505  0.000809206683  0.000762685173
  14.5  0.000512272183  0.000509417163  0.000527717538  0.000506497329
  15.5  0.000341929446  0.000345029182  0.000354744602  0.000334117993
  16.5  0.000241595882  0.000242289244  0.000245503002  0.000225866128
  17.5  0.000168894834  0.000164857019  0.000177360291  0.000164571517
  18.5  0.00012001281  0.00011736172  0.000125860832  0.000115371861
  19.5  8.62420009E-05  8.47533118E-05  9.03957275E-05  8.25810025E-05
  20.5  6.39728439E-05  6.14237188E-05  6.65875391E-05  5.96528124E-05
  21.5  4.71078321E-05  4.64960421E-05  4.91612911E-05  4.30969503E-05
  22.5  3.59263497E-05  3.47924989E-05  3.60125509E-05  3.10512096E-05
  23.5  2.71655165E-05  2.56931419E-05  2.75070703E-05  2.43153671E-05
  24.5  2.11047166E-05  1.97730537E-05  2.10830608E-05  1.69838376E-05
  25.5  1.61471781E-05  1.49541876E-05  1.71669475E-05  1.3699355E-05
  26.5  1.27558221E-05  1.1878923E-05  1.2616634E-05  1.05415153E-05
  27.5  9.72134354E-06  9.31144422E-06  1.0078663E-05  8.18154314E-06
  28.5  7.86965905E-06  7.20484722E-06  8.06033543E-06  6.55016837E-06
  29.5  6.25249408E-06  5.57748575E-06  6.68816879E-06  5.12333953E-06
  30.5  4.81886612E-06  4.4762637E-06  5.30837811E-06  4.07759863E-06
  31.5  3.98071378E-06  3.65687292E-06  4.12443023E-06  3.19930983E-06
  32.5  3.29061463E-06  3.02938029E-06  3.24699014E-06  2.50108426E-06
  33.5  2.60214692E-06  2.39250687E-06  2.64499421E-06  2.03368125E-06
  34.5  2.0815136E-06  1.9509984E-06  2.11924028E-06  1.61803402E-06
  35.5  1.69690161E-06  1.55027593E-06  1.76496523E-06  1.34137683E-06
  36.5  1.43994979E-06  1.2578403E-06  1.49032704E-06  1.08710301E-06
  37.5  1.16403249E-06  1.01475573E-06  1.2456163E-06  8.91457308E-07
  38.5  9.48070613E-07  8.60584639E-07  1.0101072E-06  7.12624317E-07
  39.5  8.00833146E-07  7.27826203E-07  8.37048001E-07  5.6962054E-07
  40.5  6.51148519E-07  5.76306206E-07  7.02831424E-07  4.90797743E-07
  41.5  5.73859046E-07  4.90451672E-07  6.04433589E-07  4.03331109E-07
  42.5  4.5537571E-07  4.18178877E-07  4.68251643E-07  3.15675304E-07
  43.5  3.90872649E-07  3.41827481E-07  4.05736612E-07  2.6625931E-07
  44.5  3.29816004E-07  2.79526864E-07  3.50172113E-07  2.38925602E-07
  45.5  2.83809394E-07  2.43533217E-07  2.91241447E-07  1.72109256E-07
  46.5  2.56584738E-07  2.15268518E-07  2.35849865E-07  1.41626517E-07
  47.5  1.8959373E-07  1.76215921E-07  2.03981686E-07  1.28321214E-07
  48.5  1.76011991E-07  1.48991265E-07  1.73983692E-07  1.09317862E-07
  49.5  1.59024621E-07  1.27354291E-07  1.55233201E-07  9.00009981E-08
