  0.5  0.932792713  1.06212083  0.785299895
  1.5  0.946450504  1.06437755  0.829292177
  2.5  1.02756286  1.0394961  0.90996739
  3.5  0.975453627  1.07317025  0.921369071
  4.5  1.00523933  1.06445203  0.953563923
  5.5  1.0230405  1.07887125  0.974444415
  6.5  1.01903114  1.06950127  0.991726179
  7.5  1.00872785  1.03025336  0.966637242
  8.5  1.00422752  1.03476341  0.967972901
  9.5  1.02893564  1.07660007  0.996125279
  10.5  1.0212494  1.04498545  0.972724298
  11.5  1.01651702  1.05269196  0.999526911
  12.5  0.993915424  1.05676334  0.984461053
  13.5  1.03743428  1.04788624  0.92602247
  14.5  0.964643653  1.03634087  0.930860041
  15.5  1.00924143  1.04834158  0.949767471
  16.5  0.96049256  1.05062205  0.918521504
  17.5  0.959839093  1.03772541  0.896231845
  18.5  0.987696938  1.03913256  0.928498134
  19.5  1.01433649  1.04863596  0.936690162
  20.5  0.96969697  1.10897377  0.933894481
  21.5  0.943862988  1.01401785  0.88771759
  22.5  0.940004858  0.978181171  0.811712668
  23.5  0.917506297  1.03512001  0.852018898
  24.5  0.942353883  1.01452042  0.80154775
  25.5  0.931996061  1.11317397  0.914728989
  26.5  0.919310345  1.05512468  0.834522874
  27.5  0.97324941  0.993784422  0.725367481
  28.5  0.895786489  1.08585556  0.837743047
  29.5  0.990834903  1.16207551  0.773532966
  30.5  0.962232671  1.08805019  0.694917423
  31.5  0.799497908  0.988593622  0.722894354
  32.5  0.883740884  0.953265761  0.723050872
  33.5  0.927188437  1.06536359  0.800791499
  34.5  0.93989432  1.08593884  0.691176951
  35.5  0.900807382  1.05724173  0.738123553
  36.5  0.947669471  1.02262816  0.750603503
  37.5  0.95894144  1.14516434  0.778260659
  38.5  0.912684531  1.14436936  0.736110587
  39.5  0.925286344  1.15536928  0.715359034
  40.5  0.794138111  0.89328659  0.599903433
  41.5  0.896966779  1.14359415  0.698744695
  42.5  0.817475208  1.09209789  0.608926876
  43.5  0.802835052  1.20478431  0.569815625
  44.5  0.905902645  1.09310274  0.600717403
  45.5  0.875060183  1.35698497  0.755695546
  46.5  1.03541607  1.07918226  0.617909489
  47.5  0.906269592  0.979661995  0.578603594
  48.5  0.863636364  1.21447963  0.701794851
  49.5  0.784157212  0.941524005  0.552972003
