  0.25  0.7221367  0.905044452  0.524830178
  0.75  0.717746914  0.927006287  0.546731963
  1.25  0.720664264  0.918564427  0.539790843
  1.75  0.727141944  0.919723735  0.544336118
  2.25  0.753180662  0.920333662  0.57269996
  2.75  0.780058118  0.942299626  0.632625924
  3.25  0.83984534  0.960342551  0.688149212
  3.75  0.907571288  0.996758943  0.783266026
  4.25  0.934184676  1.01691288  0.844584062
  4.75  0.894762846  1.0093       0.842547683
  5.25  0.838628763  0.933586423  0.765127692
  5.75  0.79208799  0.901317727  0.651640483
  6.25  0.638440111  0.867309821  0.463466278
  6.75  0.729413129  0.821967061  0.405815019
