   5.0000E-01    7.4625E-01    8.7437E-01    6.0687E-01
   1.5000E+00    1.7887E+00    2.0688E+00    1.4828E+00
   2.5000E+00    2.1112E+00    2.4095E+00    1.7856E+00
   3.5000E+00    1.9219E+00    2.1644E+00    1.6538E+00
   4.5000E+00    1.5250E+00    1.6958E+00    1.3340E+00
   5.5000E+00    1.1262E+00    1.2389E+00    9.9995E-01
   6.5000E+00    8.0438E-01    8.8111E-01    7.2347E-01
   7.5000E+00    5.6969E-01    6.2250E-01    5.1852E-01
   8.5000E+00    4.0419E-01    4.4051E-01    3.7147E-01
   9.5000E+00    2.8581E-01    3.1081E-01    2.6504E-01
   1.0500E+01    2.0725E-01    2.2491E-01    1.9340E-01
   1.1500E+01    1.5044E-01    1.6286E-01    1.4067E-01
   1.2500E+01    1.1119E-01    1.2009E-01    1.0414E-01
   1.3500E+01    8.3187E-02    8.9669E-02    7.8079E-02
   1.4500E+01    6.2688E-02    6.7458E-02    5.8932E-02
   1.5500E+01    4.8094E-02    5.1665E-02    4.5284E-02
   1.6500E+01    3.7069E-02    3.9748E-02    3.4953E-02
   1.7500E+01    2.8981E-02    3.1026E-02    2.7361E-02
   1.8500E+01    2.2913E-02    2.4494E-02    2.1662E-02
   1.9500E+01    1.8431E-02    1.9675E-02    1.7444E-02
   2.0500E+01    1.5137E-02    1.6144E-02    1.4344E-02
   2.1500E+01    1.2431E-02    1.3238E-02    1.1787E-02
   2.2500E+01    1.0187E-02    1.0832E-02    9.6678E-03
   2.3500E+01    8.3313E-03    8.8514E-03    7.9108E-03
   2.4500E+01    6.8062E-03    7.2205E-03    6.4667E-03
   2.5500E+01    5.5531E-03    5.8885E-03    5.2826E-03
   2.6500E+01    4.5350E-03    4.8035E-03    4.3168E-03
   2.7500E+01    3.7175E-03    3.9341E-03    3.5420E-03
   2.8500E+01    3.0787E-03    3.2549E-03    2.9361E-03
   2.9500E+01    2.5969E-03    2.7429E-03    2.4782E-03
   3.0500E+01    2.2225E-03    2.3460E-03    2.1213E-03
   3.1500E+01    1.9019E-03    2.0061E-03    1.8162E-03
   3.2500E+01    1.6262E-03    1.7149E-03    1.5536E-03
   3.3500E+01    1.3894E-03    1.4643E-03    1.3281E-03
   3.4500E+01    1.1875E-03    1.2504E-03    1.1349E-03
   3.5500E+01    1.0150E-03    1.0685E-03    9.7070E-04
   3.6500E+01    8.6875E-04    9.1469E-04    8.3157E-04
   3.7500E+01    7.4750E-04    7.8555E-04    7.1528E-04
   3.8500E+01    6.4687E-04    6.7993E-04    6.1964E-04
   3.9500E+01    5.6544E-04    5.9391E-04    5.4172E-04
   4.0500E+01    4.9712E-04    5.2201E-04    4.7639E-04
   4.1500E+01    4.3706E-04    4.5877E-04    4.1888E-04
   4.2500E+01    3.8412E-04    4.0310E-04    3.6824E-04
   4.3500E+01    3.3756E-04    3.5418E-04    3.2369E-04
   4.4500E+01    2.9681E-04    3.1124E-04    2.8464E-04
   4.5500E+01    2.6119E-04    2.7380E-04    2.5059E-04
   4.6500E+01    2.3031E-04    2.4134E-04    2.2096E-04
   4.7500E+01    2.0369E-04    2.1342E-04    1.9554E-04
   4.8500E+01    1.8100E-04    1.8954E-04    1.7380E-04
   4.9500E+01    1.6169E-04    1.6924E-04    1.5528E-04
