  1.5  2.78323676  1.6479584  2.37513865  0.956190509
  2.5  4.25601929  3.21985091  3.98355938  2.45890213
  3.5  2.7685538  2.25934057  2.67532055  1.85361604
  4.5  1.20950888  1.03963519  1.19474739  0.879544934
  5.5  0.513087903  0.459046451  0.517649375  0.401782664
  6.5  0.240780162  0.223017858  0.247186257  0.199447739
  7.5  0.125213026  0.119033946  0.129587162  0.108414106
  8.5  0.0700091721  0.067623191  0.073111902  0.0625122314
  9.5  0.0414018705  0.0408492201  0.0432585287  0.0376116458
  10.5  0.0256401201  0.0256360415  0.0271202065  0.0239169574
  11.5  0.0165040556  0.016710025  0.0176169428  0.0157413059
  12.5  0.0109591987  0.0112243077  0.0118456955  0.0106730098
  13.5  0.00748830994  0.00774322245  0.00824294668  0.00743039089
  14.5  0.00525323704  0.00547959935  0.00576306939  0.0052515166
  15.5  0.0037423196  0.00394298673  0.00414754957  0.00378136811
  16.5  0.00273205033  0.00289723364  0.00302179248  0.00276950571
  17.5  0.00202584071  0.00216023059  0.00226046276  0.00206815105
  18.5  0.00153049472  0.00163266365  0.00170581429  0.00157085032
  19.5  0.00116362463  0.00125213026  0.00130863249  0.00119572268
  20.5  0.00089606846  0.000969075404  0.00101555087  0.000919267612
  21.5  0.000703558532  0.000757192124  0.000791508158  0.000716212339
  22.5  0.000549387445  0.000594659907  0.000629427432  0.000574367078
  23.5  0.00043783773  0.000478419801  0.000497230065  0.00045414699
  24.5  0.000352493021  0.000385060643  0.000398776843  0.00036618688
  25.5  0.00028221874  0.000311992521  0.000327271575  0.000296675029
  26.5  0.000231338202  0.000255014476  0.000265848862  0.000241066722
  27.5  0.000190796917  0.000207376426  0.000221009037  0.000200623879
  28.5  0.000155986064  0.000172443216  0.000181237921  0.000163534882
  29.5  0.000130046167  0.000144464018  0.000149204108  0.000132635164
  30.5  0.000108205263  0.000119706915  0.000125587495  0.0001130685
  31.5  9.13810371E-05  9.97013815E-05  0.000106879776  9.57141978E-05
  32.5  7.65961114E-05  8.46105608E-05  8.8599413E-05  7.98401239E-05
  33.5  6.45642409E-05  7.10900012E-05  7.54707956E-05  6.85424264E-05
  34.5  5.50611025E-05  6.07507497E-05  6.38843784E-05  5.79085038E-05
  35.5  4.68631161E-05  5.21245103E-05  5.41291537E-05  4.89213158E-05
  36.5  4.02904519E-05  4.4538314E-05  4.62569008E-05  4.26169297E-05
  37.5  3.44906824E-05  3.84571211E-05  3.98934255E-05  3.64149853E-05
  38.5  3.00205366E-05  3.31467837E-05  3.4770356E-05  3.17544524E-05
  39.5  2.59806832E-05  2.89478648E-05  2.97145955E-05  2.70318819E-05
  40.5  2.22711963E-05  2.45939591E-05  2.72974681E-05  2.38753004E-05
  41.5  1.96058311E-05  2.188169E-05  2.28620166E-05  2.03236674E-05
  42.5  1.7097492E-05  1.90083162E-05  2.02811008E-05  1.76885801E-05
  43.5  1.50235238E-05  1.65795097E-05  1.76141526E-05  1.58076111E-05
  44.5  1.31738786E-05  1.46075066E-05  1.52495008E-05  1.36344591E-05
  45.5  1.16240105E-05  1.28129225E-05  1.36810969E-05  1.21016831E-05
  46.5  1.02719546E-05  1.13792945E-05  1.18036944E-05  1.04390599E-05
  47.5  9.10343561E-06  9.97421675E-06  1.05598084E-05  9.51376826E-06
  48.5  7.95327036E-06  8.8179336E-06  9.34047216E-06  8.48552768E-06
  49.5  7.18649352E-06  7.81051935E-06  8.27743001E-06  7.61427976E-06
