  1.5  0.0171531813  0.0117952906  0.0156200654  0.00830834727
  2.5  0.0304752064  0.0254698086  0.030097151  0.0208186296
  3.5  0.0322883413  0.0288867857  0.0324765132  0.0250239419
  4.5  0.0249212416  0.023198433  0.0256367321  0.0208572336
  5.5  0.0163424479  0.0156969454  0.0170293317  0.0142649485
  6.5  0.0104932703  0.0101628083  0.0109402459  0.009370376
  7.5  0.00704545003  0.00695292066  0.0075118825  0.00645940614
  8.5  0.00498777325  0.00496133629  0.00528860307  0.00462281922
  9.5  0.00361988084  0.00363023532  0.00385973991  0.00340052315
  10.5  0.00264832254  0.0026941466  0.00287371587  0.00255292814
  11.5  0.00198365328  0.00202991797  0.00214907711  0.00192563359
  12.5  0.00149523044  0.00155096836  0.00162883657  0.0014595562
  13.5  0.00114516101  0.00118988354  0.00124821151  0.00112576293
  14.5  0.000883214795  0.000915379764  0.000969885407  0.000875540547
  15.5  0.000682954818  0.000717322867  0.000752871733  0.000678599387
  16.5  0.00053358599  0.000558701103  0.000592716402  0.000540479353
  17.5  0.000421537338  0.000447004944  0.000470245277  0.000426682787
  18.5  0.000331012779  0.000354321366  0.000372407955  0.000341329225
  19.5  0.000267189549  0.000285871668  0.000297326117  0.000271516239
  20.5  0.00021272941  0.00022896611  0.000245230706  0.000218596247
  21.5  0.000172148676  0.00018602808  0.00019606644  0.000178298
  22.5  0.00013952106  0.000151946432  0.000160678275  0.000146094154
  23.5  0.000115904042  0.000124341838  0.000131401327  0.000119207433
  24.5  9.46663501E-05  0.00010347867  0.000107341544  9.69841413E-05
  25.5  7.82974653E-05  8.5171075E-05  9.02695278E-05  8.17953266E-05
  26.5  6.52992929E-05  7.12035475E-05  7.51334372E-05  6.78806191E-05
  27.5  5.3799215E-05  5.92848844E-05  6.24291975E-05  5.68356974E-05
  28.5  4.54186985E-05  5.06488105E-05  5.23280721E-05  4.74874098E-05
  29.5  3.82388606E-05  4.24643681E-05  4.55383367E-05  3.95688897E-05
  30.5  3.25108524E-05  3.58727526E-05  3.75657332E-05  3.33335434E-05
  31.5  2.75781562E-05  3.02879446E-05  3.22048231E-05  2.91328855E-05
  32.5  2.33790856E-05  2.61087018E-05  2.71894871E-05  2.46408122E-05
  33.5  2.0116324E-05  2.23612626E-05  2.34530594E-05  2.11715422E-05
  34.5  1.73933171E-05  1.92615289E-05  2.0233719E-05  1.80826197E-05
  35.5  1.47914795E-05  1.65275066E-05  1.74189159E-05  1.52818952E-05
  36.5  1.28175198E-05  1.4309005E-05  1.49518289E-05  1.35272219E-05
  37.5  1.10308219E-05  1.2301999E-05  1.32689805E-05  1.1717323E-05
  38.5  9.68473994E-06  1.07532338E-05  1.129597E-05  1.01903867E-05
  39.5  8.42017198E-06  9.43799497E-06  9.788056E-06  8.71553585E-06
  40.5  7.32524119E-06  8.19105166E-06  8.72800242E-06  7.738792E-06
  41.5  6.36910445E-06  7.12916707E-06  7.65759868E-06  6.82550143E-06
  42.5  5.75003895E-06  6.31402745E-06  6.58697831E-06  5.94738832E-06
  43.5  4.99438249E-06  5.52312171E-06  5.93109621E-06  5.23248209E-06
  44.5  4.41078658E-06  4.86219769E-06  5.25361502E-06  4.72500398E-06
  45.5  3.90429848E-06  4.36275944E-06  4.46352115E-06  4.06145065E-06
  46.5  3.46015754E-06  3.83247807E-06  4.13870041E-06  3.64679998E-06
  47.5  3.10502103E-06  3.40486023E-06  3.62546149E-06  3.27258183E-06
  48.5  2.71022909E-06  3.03914894E-06  3.24054155E-06  2.919303E-06
  49.5  2.4407924E-06  2.73754728E-06  2.85410562E-06  2.55981155E-06
