   5.0000E-01    1.8706E+02    2.9728E+02    8.0325E+01
   1.5000E+00    1.5038E+02    2.1569E+02    9.2197E+01
   2.5000E+00    4.7831E+01    6.2538E+01    3.5497E+01
   3.5000E+00    1.5413E+01    1.8966E+01    1.2455E+01
   4.5000E+00    5.6069E+00    6.6149E+00    4.7512E+00
   5.5000E+00    2.3119E+00    2.6475E+00    2.0227E+00
   6.5000E+00    1.0494E+00    1.1792E+00    9.3643E-01
   7.5000E+00    5.0206E-01    5.5342E-01    4.5716E-01
   8.5000E+00    2.5894E-01    2.8201E-01    2.3883E-01
   9.5000E+00    1.4025E-01    1.5090E-01    1.3092E-01
   1.0500E+01    7.9562E-02    8.4878E-02    7.4905E-02
   1.1500E+01    4.6969E-02    4.9715E-02    4.4550E-02
   1.2500E+01    2.8631E-02    3.0113E-02    2.7324E-02
   1.3500E+01    1.8019E-02    1.8861E-02    1.7283E-02
   1.4500E+01    1.1656E-02    1.2171E-02    1.1214E-02
   1.5500E+01    7.7500E-03    8.0813E-03    7.4605E-03
   1.6500E+01    5.2138E-03    5.4382E-03    5.0190E-03
   1.7500E+01    3.5356E-03    3.6840E-03    3.4085E-03
   1.8500E+01    2.4412E-03    2.5374E-03    2.3580E-03
   1.9500E+01    1.7169E-03    1.7820E-03    1.6609E-03
   2.0500E+01    1.2281E-03    1.2743E-03    1.1864E-03
   2.1500E+01    8.8813E-04    9.2218E-04    8.5674E-04
   2.2500E+01    6.5000E-04    6.7563E-04    6.2654E-04
   2.3500E+01    4.8013E-04    4.9942E-04    4.6218E-04
   2.4500E+01    3.5831E-04    3.7313E-04    3.4437E-04
   2.5500E+01    2.6956E-04    2.8091E-04    2.5868E-04
   2.6500E+01    2.0456E-04    2.1336E-04    1.9596E-04
   2.7500E+01    1.5631E-04    1.6318E-04    1.4947E-04
   2.8500E+01    1.2031E-04    1.2572E-04    1.1489E-04
   2.9500E+01    9.3188E-05    9.7454E-05    8.8798E-05
   3.0500E+01    7.2625E-05    7.5991E-05    6.9075E-05
   3.1500E+01    5.6894E-05    5.9627E-05    5.4053E-05
   3.2500E+01    4.4819E-05    4.7018E-05    4.2516E-05
   3.3500E+01    3.5488E-05    3.7263E-05    3.3609E-05
   3.4500E+01    2.8225E-05    2.9673E-05    2.6695E-05
   3.5500E+01    2.2550E-05    2.3735E-05    2.1299E-05
   3.6500E+01    1.8094E-05    1.9064E-05    1.7055E-05
   3.7500E+01    1.4575E-05    1.5366E-05    1.3721E-05
   3.8500E+01    1.1781E-05    1.2438E-05    1.1077E-05
   3.9500E+01    9.5625E-06    1.0099E-05    8.9714E-06
   4.0500E+01    7.7812E-06    8.2287E-06    7.2931E-06
   4.1500E+01    6.3563E-06    6.7256E-06    5.9446E-06
   4.2500E+01    5.2056E-06    5.5121E-06    4.8617E-06
   4.3500E+01    4.2756E-06    4.5316E-06    3.9876E-06
   4.4500E+01    3.5212E-06    3.7361E-06    3.2797E-06
   4.5500E+01    2.9075E-06    3.0874E-06    2.7043E-06
   4.6500E+01    2.4062E-06    2.5584E-06    2.2354E-06
   4.7500E+01    1.9963E-06    2.1244E-06    1.8517E-06
   4.8500E+01    1.6600E-06    1.7679E-06    1.5371E-06
   4.9500E+01    1.3831E-06    1.4746E-06    1.2792E-06
