  1.5  0.576132999  0.870565078  0.340172044
  2.5  0.751409322  0.918241568  0.556495601
  3.5  0.798619824  0.973599092  0.657836508
  4.5  0.844636662  0.984388947  0.714189991
  5.5  0.879797089  1.00585949  0.755092286
  6.5  0.91086351  1.01865486  0.810490701
  7.5  0.933109035  1.02578812  0.842195481
  8.5  0.950481862  1.02507206  0.862716517
  9.5  0.971567724  1.03922665  0.876024176
  10.5  0.978830434  1.04305144  0.910087815
  11.5  0.987761675  1.04548704  0.920052187
  12.5  1.00111159  1.0720108  0.949465611
  13.5  1.01062788  1.07986966  0.958498661
  14.5  1.02576089  1.08572259  0.980739012
  15.5  1.03937881  1.09361351  0.991302935
  16.5  1.04647225  1.0932429  0.997530941
  17.5  1.05683253  1.09889524  1.00308327
  18.5  1.04782322  1.09801478  1.00481551
  19.5  1.06401384  1.10856821  1.01190568
  20.5  1.06323316  1.13193443  1.01784285
  21.5  1.06306242  1.11603677  1.01150039
  22.5  1.07014535  1.14708537  1.0371329
  23.5  1.10170068  1.13464338  1.00811985
  24.5  1.08482143  1.13545798  1.04711167
  25.5  1.0976576  1.15452874  1.05804378
  26.5  1.11839593  1.16212129  1.05642946
  27.5  1.09419192  1.16349665  1.04385001
  28.5  1.10225885  1.17613006  1.03484828
  29.5  1.12532252  1.16991346  1.00125244
  30.5  1.10935441  1.18186342  1.04158339
  31.5  1.10741914  1.18336209  1.03864387
  32.5  1.1185112  1.17735685  1.04794596
  33.5  1.11102265  1.17036864  1.06146232
  34.5  1.12981382  1.17204219  1.03847984
  35.5  1.1390512  1.17082199  1.01750409
  36.5  1.12280101  1.16331317  1.04750189
  37.5  1.13053273  1.17463421  1.04248363
  38.5  1.1245606  1.19937537  1.06490575
  39.5  1.12497827  1.15599278  1.02924712
  40.5  1.13859143  1.26334999  1.08917448
  41.5  1.14322132  1.21507756  1.04153125
  42.5  1.12264151  1.22629757  1.04861215
  43.5  1.13333333  1.22418583  1.08978562
  44.5  1.13174061  1.22144589  1.07142465
  45.5  1.11360182  1.23395503  1.06827267
  46.5  1.14633087  1.18788426  1.03838817
  47.5  1.12961693  1.23153134  1.0842024
  48.5  1.14381196  1.24299049  1.09080059
  49.5  1.13043478  1.18308322  1.06869743
