  1.5  0.68764449  0.910622065  0.484361886
  2.5  0.835755078  0.987594655  0.683133342
  3.5  0.894650655  1.00582786  0.775014786
  4.5  0.930869873  1.02871007  0.836925942
  5.5  0.960501483  1.04203066  0.872877097
  6.5  0.968507243  1.0425964  0.892989098
  7.5  0.986866792  1.06620336  0.916819525
  8.5  0.994699647  1.06031345  0.926830268
  9.5  1.00286045  1.06626159  0.939401958
  10.5  1.01730305  1.08510796  0.963979313
  11.5  1.02332297  1.08339352  0.970751093
  12.5  1.03727715  1.08935488  0.976141313
  13.5  1.03905348  1.08998778  0.983060826
  14.5  1.03641806  1.09813084  0.991311006
  15.5  1.05032258  1.10237414  0.993622666
  16.5  1.04706854  1.11081702  1.01291894
  17.5  1.06041601  1.11554834  1.01220639
  18.5  1.07041597  1.12505613  1.03116631
  19.5  1.06992084  1.11279097  1.01619333
  20.5  1.0763256  1.15278233  1.02757887
  21.5  1.08062452  1.13893668  1.03572101
  22.5  1.08905732  1.15164173  1.04711184
  23.5  1.07279985  1.13370789  1.02850109
  24.5  1.0930882  1.13389334  1.02448379
  25.5  1.08778841  1.15290485  1.044674
  26.5  1.09041835  1.15060108  1.03953069
  27.5  1.1019656  1.16041094  1.05644102
  28.5  1.11515328  1.15212619  1.04554757
  29.5  1.11050297  1.19089157  1.03478213
  30.5  1.10340855  1.15548288  1.02530512
  31.5  1.09825851  1.16776564  1.05637539
  32.5  1.11675462  1.16298334  1.05396818
  33.5  1.11159785  1.16587202  1.05245582
  34.5  1.10740975  1.16330421  1.03963031
  35.5  1.1173667  1.17763175  1.03315528
  36.5  1.11636301  1.16651498  1.05536969
  37.5  1.11523867  1.20290045  1.06223482
  38.5  1.11032757  1.16636793  1.05221067
  39.5  1.12087912  1.16245322  1.03507813
  40.5  1.11819549  1.19149693  1.05645559
  41.5  1.11933587  1.20230383  1.07165795
  42.5  1.09808429  1.14555368  1.0343214
  43.5  1.10586678  1.18755346  1.04767348
  44.5  1.10234254  1.19108348  1.0712384
  45.5  1.11742467  1.14323256  1.04025106
  46.5  1.10760219  1.19610173  1.05394045
  47.5  1.09656591  1.16761254  1.05396446
  48.5  1.12136238  1.19567071  1.07714253
  49.5  1.12158137  1.16933567  1.04876251
