   5.0000E-01    1.3800E+02    2.0963E+02    5.5799E+01
   1.5000E+00    1.5344E+02    2.2520E+02    8.9732E+01
   2.5000E+00    5.9437E+01    7.9620E+01    4.2800E+01
   3.5000E+00    2.2219E+01    2.7877E+01    1.7587E+01
   4.5000E+00    9.1812E+00    1.0999E+01    7.6579E+00
   5.5000E+00    4.2387E+00    4.9182E+00    3.6632E+00
   6.5000E+00    2.1325E+00    2.4241E+00    1.8855E+00
   7.5000E+00    1.1269E+00    1.2551E+00    1.0177E+00
   8.5000E+00    6.3812E-01    7.0054E-01    5.8382E-01
   9.5000E+00    3.7781E-01    4.0994E-01    3.5015E-01
   1.0500E+01    2.3344E-01    2.5098E-01    2.1837E-01
   1.1500E+01    1.4969E-01    1.5966E-01    1.4112E-01
   1.2500E+01    9.8875E-02    1.0470E-01    9.3799E-02
   1.3500E+01    6.7250E-02    7.0825E-02    6.4185E-02
   1.4500E+01    4.6931E-02    4.9161E-02    4.5015E-02
   1.5500E+01    3.3575E-02    3.5050E-02    3.2288E-02
   1.6500E+01    2.4269E-02    2.5281E-02    2.3393E-02
   1.7500E+01    1.7669E-02    1.8349E-02    1.7088E-02
   1.8500E+01    1.3088E-02    1.3538E-02    1.2702E-02
   1.9500E+01    9.8625E-03    1.0172E-02    9.5960E-03
   2.0500E+01    7.5500E-03    7.7711E-03    7.3459E-03
   2.1500E+01    5.8337E-03    6.0035E-03    5.6839E-03
   2.2500E+01    4.5600E-03    4.6900E-03    4.4456E-03
   2.3500E+01    3.5944E-03    3.6943E-03    3.5071E-03
   2.4500E+01    2.8606E-03    2.9384E-03    2.7915E-03
   2.5500E+01    2.2931E-03    2.3541E-03    2.2391E-03
   2.6500E+01    1.8525E-03    1.9011E-03    1.8096E-03
   2.7500E+01    1.5069E-03    1.5453E-03    1.4728E-03
   2.8500E+01    1.2337E-03    1.2651E-03    1.2059E-03
   2.9500E+01    1.0156E-03    1.0417E-03    9.9351E-04
   3.0500E+01    8.4125E-04    8.6203E-04    8.2312E-04
   3.1500E+01    7.0063E-04    7.1787E-04    6.8515E-04
   3.2500E+01    5.8612E-04    6.0064E-04    5.7322E-04
   3.3500E+01    4.9275E-04    5.0512E-04    4.8160E-04
   3.4500E+01    4.1606E-04    4.2668E-04    4.0639E-04
   3.5500E+01    3.5281E-04    3.6190E-04    3.4440E-04
   3.6500E+01    3.0031E-04    3.0818E-04    2.9299E-04
   3.7500E+01    2.5663E-04    2.6344E-04    2.5021E-04
   3.8500E+01    2.2006E-04    2.2599E-04    2.1443E-04
   3.9500E+01    1.8931E-04    1.9450E-04    1.8442E-04
   4.0500E+01    1.6344E-04    1.6796E-04    1.5903E-04
   4.1500E+01    1.4150E-04    1.4549E-04    1.3766E-04
   4.2500E+01    1.2287E-04    1.2638E-04    1.1949E-04
   4.3500E+01    1.0700E-04    1.1011E-04    1.0395E-04
   4.4500E+01    9.3438E-05    9.6182E-05    9.0754E-05
   4.5500E+01    8.1813E-05    8.4192E-05    7.9353E-05
   4.6500E+01    7.1812E-05    7.3883E-05    6.9632E-05
   4.7500E+01    6.3125E-05    6.5055E-05    6.1219E-05
   4.8500E+01    5.5669E-05    5.7357E-05    5.3935E-05
   4.9500E+01    4.9181E-05    5.0694E-05    4.7635E-05
