   5.0000E-01    5.4006E-01    6.2913E-01    4.4654E-01
   1.5000E+00    1.2631E+00    1.4550E+00    1.0627E+00
   2.5000E+00    1.4144E+00    1.6052E+00    1.2129E+00
   3.5000E+00    1.2000E+00    1.3418E+00    1.0481E+00
   4.5000E+00    8.8188E-01    9.7756E-01    7.8326E-01
   5.5000E+00    6.0350E-01    6.6564E-01    5.4446E-01
   6.5000E+00    3.9975E-01    4.3931E-01    3.6573E-01
   7.5000E+00    2.6337E-01    2.8848E-01    2.4342E-01
   8.5000E+00    1.7437E-01    1.9044E-01    1.6168E-01
   9.5000E+00    1.1519E-01    1.2553E-01    1.0710E-01
   1.0500E+01    7.8250E-02    8.5065E-02    7.2975E-02
   1.1500E+01    5.3300E-02    5.7813E-02    4.9777E-02
   1.2500E+01    3.7006E-02    4.0050E-02    3.4620E-02
   1.3500E+01    2.6056E-02    2.8148E-02    2.4420E-02
   1.4500E+01    1.8488E-02    1.9942E-02    1.7359E-02
   1.5500E+01    1.3375E-02    1.4401E-02    1.2574E-02
   1.6500E+01    9.7250E-03    1.0456E-02    9.1561E-03
   1.7500E+01    7.1812E-03    7.7062E-03    6.7625E-03
   1.8500E+01    5.3619E-03    5.7469E-03    5.0575E-03
   1.9500E+01    4.0731E-03    4.3607E-03    3.8455E-03
   2.0500E+01    3.1619E-03    3.3815E-03    2.9872E-03
   2.1500E+01    2.4562E-03    2.6242E-03    2.3220E-03
   2.2500E+01    1.9056E-03    2.0344E-03    1.8031E-03
   2.3500E+01    1.4775E-03    1.5757E-03    1.3986E-03
   2.4500E+01    1.1444E-03    1.2196E-03    1.0842E-03
   2.5500E+01    8.8625E-04    9.4400E-04    8.3967E-04
   2.6500E+01    6.8687E-04    7.3210E-04    6.5169E-04
   2.7500E+01    5.3463E-04    5.6991E-04    5.0638E-04
   2.8500E+01    4.2000E-04    4.4804E-04    3.9752E-04
   2.9500E+01    3.3594E-04    3.5858E-04    3.1767E-04
   3.0500E+01    2.7269E-04    2.9130E-04    2.5767E-04
   3.1500E+01    2.2156E-04    2.3689E-04    2.0921E-04
   3.2500E+01    1.8006E-04    1.9258E-04    1.6979E-04
   3.3500E+01    1.4631E-04    1.5656E-04    1.3783E-04
   3.4500E+01    1.1887E-04    1.2735E-04    1.1195E-04
   3.5500E+01    9.6688E-05    1.0368E-04    9.0994E-05
   3.6500E+01    7.8812E-05    8.4513E-05    7.4088E-05
   3.7500E+01    6.4437E-05    6.9185E-05    6.0546E-05
   3.8500E+01    5.3056E-05    5.6970E-05    4.9803E-05
   3.9500E+01    4.4063E-05    4.7345E-05    4.1333E-05
   4.0500E+01    3.6825E-05    3.9592E-05    3.4517E-05
   4.1500E+01    3.0794E-05    3.3129E-05    2.8837E-05
   4.2500E+01    2.5756E-05    2.7729E-05    2.4100E-05
   4.3500E+01    2.1550E-05    2.3213E-05    2.0148E-05
   4.4500E+01    1.8038E-05    1.9447E-05    1.6855E-05
   4.5500E+01    1.5119E-05    1.6305E-05    1.4114E-05
   4.6500E+01    1.2687E-05    1.3699E-05    1.1837E-05
   4.7500E+01    1.0681E-05    1.1535E-05    9.9614E-06
   4.8500E+01    9.0312E-06    9.7587E-06    8.4124E-06
   4.9500E+01    7.6688E-06    8.2933E-06    7.1369E-06
