   2.5000E-01    1.9730E+01    2.2033E+01    1.7158E+01	
   7.5000E-01    1.8950E+01    2.1156E+01    1.6495E+01
   1.2500E+00    1.7420E+01    1.9436E+01    1.5184E+01
   1.7500E+00    1.5220E+01    1.6976E+01    1.3292E+01
   2.2500E+00    1.2520E+01    1.3952E+01    1.0952E+01
   2.7500E+00    9.5500E+00    1.0648E+01    8.3661E+00
   3.2500E+00    6.6400E+00    7.4284E+00    5.8213E+00
   3.7500E+00    4.1140E+00    4.6211E+00    3.6072E+00
   4.2500E+00    2.1910E+00    2.4762E+00    1.9215E+00
   4.7500E+00    9.3450E-01    1.0667E+00    8.1982E-01
