  1.5  0.726135784  0.954253321  0.602893557
  2.5  0.874433923  0.975852738  0.725234031
  3.5  0.92469352  1.01510134  0.82004818
  4.5  0.965690087  1.04988632  0.876043778
  5.5  0.995333333  1.06441407  0.916636227
  6.5  1.01806512  1.06632869  0.946213975
  7.5  1.01885974  1.08265394  0.977353705
  8.5  1.02776618  1.0792829  0.982727843
  9.5  1.03965257  1.05985208  0.972202224
  10.5  1.02793878  1.07427281  1.00023247
  11.5  1.03091224  1.04053421  0.979465603
  12.5  1.01764095  1.04004923  0.982507723
  13.5  1.00907877  1.05956231  0.998647784
  14.5  0.994426752  1.03015068  0.988726982
  15.5  1.00906543  1.03747895  0.977154781
  16.5  1.00286992  1.01617213  0.934892294
  17.5  0.976092731  1.05012265  0.974402318
  18.5  0.977909941  1.04872831  0.961329548
  19.5  0.982738236  1.04816362  0.957549705
  20.5  0.960153012  1.04087196  0.932470854
  21.5  0.987012987  1.04359061  0.914857432
  22.5  0.968439575  1.00239939  0.864301823
  23.5  0.945799865  1.01257307  0.895082083
  24.5  0.936902116  0.998973884  0.804741321
  25.5  0.926117706  1.06315465  0.848405517
  26.5  0.931254996  0.989088273  0.826408146
  27.5  0.957835116  1.03675618  0.841606215
  28.5  0.915522156  1.02422931  0.832331912
  29.5  0.892041748  1.06968015  0.819407337
  30.5  0.928903936  1.1015824  0.846173878
  31.5  0.918647541  1.03610319  0.803702554
  32.5  0.920612295  0.986742753  0.760065988
  33.5  0.919435737  1.01646613  0.78153975
  34.5  0.937297933  1.01812464  0.777335309
  35.5  0.913592116  1.04011053  0.790485923
  36.5  0.873530661  1.03498542  0.754958967
  37.5  0.871758935  1.07008722  0.765835416
  38.5  0.907722091  1.06543456  0.751657427
  39.5  0.908836262  1.04522147  0.71128492
  40.5  0.885061071  1.07937192  0.753741624
  41.5  0.854655295  1.05327884  0.702840029
  42.5  0.918316167  1.0282754  0.69321946
  43.5  0.874523921  1.03802764  0.681191972
  44.5  0.847523651  1.06171959  0.724420888
  45.5  0.858087231  1.02618678  0.606425509
  46.5  0.838976315  0.919188988  0.551967815
  47.5  0.929439604  1.07588836  0.676822036
  48.5  0.846483606  0.988476361  0.621081901
  49.5  0.800846371  0.976158283  0.565956375
