  1.5  0.0061752334  0.00376286074  0.00538016094  0.00221466981
  2.5  0.0109360894  0.00875944631  0.0107358707  0.00682647738
  3.5  0.0121565958  0.0104492087  0.0118834967  0.0088469575
  4.5  0.00932784097  0.00839153194  0.00949863173  0.00736761153
  5.5  0.00615540568  0.00575444511  0.00631977451  0.0051460439
  6.5  0.00396422226  0.00373091608  0.00409405759  0.00338673962
  7.5  0.0026776235  0.00257870521  0.00279017485  0.0023639579
  8.5  0.00190940949  0.00184287647  0.00200408699  0.0016874144
  9.5  0.00139410906  0.00136128317  0.00145221061  0.00125034436
  10.5  0.00102222915  0.0010153996  0.00109526057  0.000952156234
  11.5  0.000766010936  0.000767993708  0.000821880524  0.000724857761
  12.5  0.000581613135  0.00059108638  0.000624155338  0.000551841861
  13.5  0.000446277927  0.000456632404  0.000479640524  0.000429903177
  14.5  0.000350223637  0.000354123089  0.000374452576  0.000336100682
  15.5  0.000271397432  0.000277411841  0.000290915697  0.000262912662
  16.5  0.00021299378  0.000216959324  0.000232274803  0.000209570954
  17.5  0.000168491563  0.000173756924  0.000189525576  0.000169334436
  18.5  0.000132933851  0.000140997124  0.000146925866  0.000133727627
  19.5  0.000108259354  0.000115177025  0.000119411813  0.000106597337
  20.5  8.73080627E-05  9.26615472E-05  9.93198442E-05  8.75658559E-05
  21.5  7.08510547E-05  7.5455492E-05  8.05023729E-05  7.31932817E-05
  22.5  5.79850671E-05  6.18404572E-05  6.58943041E-05  5.95970986E-05
  23.5  4.80712069E-05  5.10673957E-05  5.42621657E-05  4.92221929E-05
  24.5  3.9598161E-05  4.32949293E-05  4.44433047E-05  3.97937097E-05
  25.5  3.28963914E-05  3.55885553E-05  3.8219269E-05  3.4135626E-05
  26.5  2.77323718E-05  2.98010639E-05  3.14292385E-05  2.84951242E-05
  27.5  2.27776447E-05  2.49388663E-05  2.68973214E-05  2.41434872E-05
  28.5  1.95082739E-05  2.16959324E-05  2.2260957E-05  1.96796315E-05
  29.5  1.6454805E-05  1.81776136E-05  1.93475756E-05  1.69512774E-05
  30.5  1.39543091E-05  1.54325758E-05  1.64504131E-05  1.45918936E-05
  31.5  1.19054446E-05  1.33440559E-05  1.38166975E-05  1.2309253E-05
  32.5  9.99317114E-06  1.13877208E-05  1.21337457E-05  1.07007942E-05
  33.5  8.75944631E-06  9.79048778E-06  1.03947103E-05  9.4100496E-06
  34.5  7.62045392E-06  8.54795063E-06  8.95009572E-06  7.82847716E-06
  35.5  6.47925845E-06  7.37811511E-06  7.83782566E-06  6.7224813E-06
  36.5  5.60022951E-06  6.40215065E-06  6.77620095E-06  5.84780124E-06
  37.5  4.92388393E-06  5.4680447E-06  6.09824884E-06  5.26920529E-06
  38.5  4.26868792E-06  4.85558845E-06  5.15207261E-06  4.54858468E-06
  39.5  3.76352166E-06  4.29953104E-06  4.45728634E-06  3.93644594E-06
  40.5  3.27047235E-06  3.74545641E-06  4.0638075E-06  3.46434987E-06
  41.5  2.86598685E-06  3.25659294E-06  3.55362231E-06  3.0943662E-06
  42.5  2.58575506E-06  2.92018262E-06  3.06601603E-06  2.68652263E-06
  43.5  2.24405735E-06  2.56394457E-06  2.77219216E-06  2.42065678E-06
  44.5  2.01405579E-06  2.273138E-06  2.48819168E-06  2.12879893E-06
  45.5  1.7695139E-06  2.01449641E-06  2.17094643E-06  1.94173537E-06
  46.5  1.58048963E-06  1.83053922E-06  1.92158535E-06  1.62222918E-06
  47.5  1.40798847E-06  1.59194565E-06  1.79091183E-06  1.51630521E-06
  48.5  1.25289163E-06  1.44830483E-06  1.52943802E-06  1.36974966E-06
  49.5  1.10814927E-06  1.31303571E-06  1.37524728E-06  1.18660656E-06
